1500000 0 0.3600187301635742
1500000 0 0.31177711486816406
1500000 0 0.3071415424346924
1500000 0 0.3076820373535156
1500000 0 0.3073430061340332
1500000 0 0.30814099311828613
1500000 0 0.3062629699707031
1500000 0 0.30853271484375
1500000 0 0.307117223739624
1500000 0 0.30895328521728516
1500000 0 0.30719566345214844
1500000 0 0.30927538871765137
1500000 0 0.30670833587646484
1500000 0 0.30843234062194824
1500000 0 0.30545949935913086
1500000 0 0.30861425399780273
1500000 0 0.305462121963501
1500000 0 0.3093576431274414
1500000 0 0.30572080612182617
1500000 0 0.30840277671813965
1500000 0 0.30669307708740234
1500000 0 0.3082454204559326
1500000 0 0.3064389228820801
1500000 0 0.3097193241119385
1500000 0 0.3067760467529297
1500000 0 0.30532240867614746
1500000 0 0.3063225746154785
1500000 0 0.30569028854370117
1500000 0 0.30525946617126465
1500000 0 0.29996371269226074
