375000 0 0.1410977840423584
375000 0 0.09243917465209961
375000 0 0.08553409576416016
375000 0 0.09196352958679199
375000 0 0.09177136421203613
375000 0 0.09206795692443848
375000 0 0.09163689613342285
375000 0 0.09201359748840332
375000 0 0.0949411392211914
375000 0 0.09358382225036621
375000 0 0.09327173233032227
375000 0 0.09301257133483887
375000 0 0.09320878982543945
375000 0 0.09185004234313965
375000 0 0.0928046703338623
375000 0 0.08634638786315918
375000 0 0.09267258644104004
375000 0 0.09246540069580078
375000 0 0.09660196304321289
375000 0 0.09238910675048828
375000 0 0.09279274940490723
375000 0 0.09409284591674805
375000 0 0.0919046401977539
375000 0 0.0924062728881836
375000 0 0.09128808975219727
375000 0 0.09230446815490723
375000 0 0.09126138687133789
375000 0 0.09195590019226074
375000 0 0.09007477760314941
375000 0 0.09100532531738281
