750000 0 0.21569180488586426
750000 0 0.15387630462646484
750000 0 0.1573173999786377
750000 0 0.15405702590942383
750000 0 0.1534426212310791
750000 0 0.15345287322998047
750000 0 0.15506267547607422
750000 0 0.1545095443725586
750000 0 0.15304994583129883
750000 0 0.15353846549987793
750000 0 0.1555919647216797
750000 0 0.15380573272705078
750000 0 0.1554863452911377
750000 0 0.155409574508667
750000 0 0.15381741523742676
750000 0 0.15363836288452148
750000 0 0.15335679054260254
750000 0 0.15347957611083984
750000 0 0.14730525016784668
750000 0 0.15386414527893066
750000 0 0.15294885635375977
750000 0 0.15334677696228027
750000 0 0.15381622314453125
750000 0 0.15461969375610352
750000 0 0.15427064895629883
750000 0 0.1551196575164795
750000 0 0.15354347229003906
750000 0 0.15353155136108398
750000 0 0.15401363372802734
750000 0 0.1544182300567627
