187500 0 0.13051390647888184
187500 0 0.04804491996765137
187500 0 0.045995473861694336
187500 0 0.0491788387298584
187500 0 0.04528450965881348
187500 0 0.0498964786529541
187500 0 0.04566216468811035
187500 0 0.048995256423950195
187500 0 0.047362327575683594
187500 0 0.050220489501953125
187500 0 0.0451807975769043
187500 0 0.05138826370239258
187500 0 0.04577922821044922
187500 0 0.051921844482421875
187500 0 0.04414510726928711
187500 0 0.04971599578857422
187500 0 0.04621529579162598
187500 0 0.04924416542053223
187500 0 0.044327497482299805
187500 0 0.05037736892700195
187500 0 0.04421520233154297
187500 0 0.04894423484802246
187500 0 0.047432661056518555
187500 0 0.04530048370361328
187500 0 0.04443645477294922
187500 0 0.05059480667114258
187500 0 0.04457902908325195
187500 0 0.0484926700592041
187500 0 0.04709029197692871
187500 0 0.05070900917053223
