1000672.537128110000000000000000 0 0.16583776473999023
1000672.537128110000000000000000 0 0.16167712211608887
1000672.537128110000000000000000 0 0.16139483451843262
1000672.537128110000000000000000 0 0.16175246238708496
1000672.537128110000000000000000 0 0.16370058059692383
1000672.537128110000000000000000 0 0.16123080253601074
1000672.537128110000000000000000 0 0.16316747665405273
1000672.537128110000000000000000 0 0.16388535499572754
1000672.537128110000000000000000 0 0.16100430488586426
1000672.537128110000000000000000 0 0.16387176513671875
1000672.537128110000000000000000 0 0.16290712356567383
1000672.537128110000000000000000 0 0.16478419303894043
1000672.537128110000000000000000 0 0.1626284122467041
1000672.537128110000000000000000 0 0.16170144081115723
1000672.537128110000000000000000 0 0.16370582580566406
1000672.537128110000000000000000 0 0.1635570526123047
1000672.537128110000000000000000 0 0.1627674102783203
1000672.537128110000000000000000 0 0.159592866897583
1000672.537128110000000000000000 0 0.16688060760498047
1000672.537128110000000000000000 0 0.16045665740966797
1000672.537128110000000000000000 0 0.1608133316040039
1000672.537128110000000000000000 0 0.1638638973236084
1000672.537128110000000000000000 0 0.1594853401184082
1000672.537128110000000000000000 0 0.16432619094848633
1000672.537128110000000000000000 0 0.16037559509277344
1000672.537128110000000000000000 0 0.16285943984985352
1000672.537128110000000000000000 0 0.1607987880706787
1000672.537128110000000000000000 0 0.16100406646728516
1000672.537128110000000000000000 0 0.16147160530090332
1000672.537128110000000000000000 0 0.15997743606567383
