499835.226001120000000000000000 0 0.0901954174041748
499835.226001120000000000000000 0 0.09129595756530762
499835.226001120000000000000000 0 0.08991289138793945
499835.226001120000000000000000 0 0.08695411682128906
499835.226001120000000000000000 0 0.08901381492614746
499835.226001120000000000000000 0 0.08947491645812988
499835.226001120000000000000000 0 0.08786201477050781
499835.226001120000000000000000 0 0.08913445472717285
499835.226001120000000000000000 0 0.0847163200378418
499835.226001120000000000000000 0 0.08899307250976562
499835.226001120000000000000000 0 0.08779430389404297
499835.226001120000000000000000 0 0.08937907218933105
499835.226001120000000000000000 0 0.08853888511657715
499835.226001120000000000000000 0 0.08786797523498535
499835.226001120000000000000000 0 0.08956241607666016
499835.226001120000000000000000 0 0.08922243118286133
499835.226001120000000000000000 0 0.08803367614746094
499835.226001120000000000000000 0 0.09163808822631836
499835.226001120000000000000000 0 0.08741283416748047
499835.226001120000000000000000 0 0.08736252784729004
499835.226001120000000000000000 0 0.09127354621887207
499835.226001120000000000000000 0 0.0895540714263916
499835.226001120000000000000000 0 0.08909773826599121
499835.226001120000000000000000 0 0.08948755264282227
499835.226001120000000000000000 0 0.08722376823425293
499835.226001120000000000000000 0 0.0914618968963623
499835.226001120000000000000000 0 0.08845829963684082
499835.226001120000000000000000 0 0.08779406547546387
499835.226001120000000000000000 0 0.09102177619934082
499835.226001120000000000000000 0 0.08805727958679199
