250269.788692340000000000000000 0 0.3203620910644531
250269.788692340000000000000000 0 0.04559898376464844
250269.788692340000000000000000 0 0.04048657417297363
250269.788692340000000000000000 0 0.04124879837036133
250269.788692340000000000000000 0 0.04378652572631836
250269.788692340000000000000000 0 0.04187440872192383
250269.788692340000000000000000 0 0.04079031944274902
250269.788692340000000000000000 0 0.0431668758392334
250269.788692340000000000000000 0 0.04076719284057617
250269.788692340000000000000000 0 0.040506601333618164
250269.788692340000000000000000 0 0.04390144348144531
250269.788692340000000000000000 0 0.0418086051940918
250269.788692340000000000000000 0 0.040779829025268555
250269.788692340000000000000000 0 0.04102826118469238
250269.788692340000000000000000 0 0.04014182090759277
250269.788692340000000000000000 0 0.04042649269104004
250269.788692340000000000000000 0 0.043686628341674805
250269.788692340000000000000000 0 0.04150199890136719
250269.788692340000000000000000 0 0.04060697555541992
250269.788692340000000000000000 0 0.04314875602722168
250269.788692340000000000000000 0 0.040335655212402344
250269.788692340000000000000000 0 0.040532588958740234
250269.788692340000000000000000 0 0.04363656044006348
250269.788692340000000000000000 0 0.04166746139526367
250269.788692340000000000000000 0 0.04098629951477051
250269.788692340000000000000000 0 0.0434575080871582
250269.788692340000000000000000 0 0.040442466735839844
250269.788692340000000000000000 0 0.04058575630187988
250269.788692340000000000000000 0 0.044298410415649414
250269.788692340000000000000000 0 0.04153156280517578
