2003609.409006920000000000000000 0 0.3128654956817627
2003609.409006920000000000000000 0 0.3092470169067383
2003609.409006920000000000000000 0 0.31596946716308594
2003609.409006920000000000000000 0 0.3140099048614502
2003609.409006920000000000000000 0 0.3142569065093994
2003609.409006920000000000000000 0 0.3124980926513672
2003609.409006920000000000000000 0 0.3145883083343506
2003609.409006920000000000000000 0 0.312119722366333
2003609.409006920000000000000000 0 0.31456875801086426
2003609.409006920000000000000000 0 0.3142261505126953
2003609.409006920000000000000000 0 0.31865835189819336
2003609.409006920000000000000000 0 0.312300443649292
2003609.409006920000000000000000 0 0.3134012222290039
2003609.409006920000000000000000 0 0.310711145401001
2003609.409006920000000000000000 0 0.31531381607055664
2003609.409006920000000000000000 0 0.31403183937072754
2003609.409006920000000000000000 0 0.3182401657104492
2003609.409006920000000000000000 0 0.31299853324890137
2003609.409006920000000000000000 0 0.31076812744140625
2003609.409006920000000000000000 0 0.3105027675628662
2003609.409006920000000000000000 0 0.3132138252258301
2003609.409006920000000000000000 0 0.31430673599243164
2003609.409006920000000000000000 0 0.3143014907836914
2003609.409006920000000000000000 0 0.31365203857421875
2003609.409006920000000000000000 0 0.31051182746887207
2003609.409006920000000000000000 0 0.3123147487640381
2003609.409006920000000000000000 0 0.3117527961730957
2003609.409006920000000000000000 0 0.31225037574768066
2003609.409006920000000000000000 0 0.3099372386932373
2003609.409006920000000000000000 0 0.3143494129180908
