6001215 0 1.6516246795654297
6001215 0 1.645279884338379
6001215 0 1.66615629196167
6001215 0 1.6308424472808838
6001215 0 1.6298463344573975
6001215 0 1.6333985328674316
6001215 0 1.6302738189697266
6001215 0 1.6329951286315918
6001215 0 1.6369807720184326
6001215 0 1.6359379291534424
6001215 0 1.6330478191375732
6001215 0 1.6365423202514648
6001215 0 1.6363191604614258
6001215 0 1.6519801616668701
6001215 0 1.6324512958526611
6001215 0 1.6274306774139404
6001215 0 1.634899616241455
6001215 0 1.6381852626800537
6001215 0 1.6315147876739502
6001215 0 1.6368389129638672
6001215 0 1.6268846988677979
6001215 0 1.6257247924804688
6001215 0 1.6265974044799805
6001215 0 1.648057222366333
6001215 0 1.633148193359375
6001215 0 1.6309685707092285
6001215 0 1.627669095993042
6001215 0 1.6341207027435303
6001215 0 1.6316704750061035
6001215 0 1.6386969089508057
