2999671 0 1.613924264907837
2999671 0 0.6901185512542725
2999671 0 0.7373950481414795
2999671 0 0.763592004776001
2999671 0 0.7678248882293701
2999671 0 0.7636110782623291
2999671 0 0.7657458782196045
2999671 0 0.7687699794769287
2999671 0 0.7687525749206543
2999671 0 0.7664148807525635
2999671 0 0.7618668079376221
2999671 0 0.7659001350402832
2999671 0 0.7652359008789062
2999671 0 0.7673826217651367
2999671 0 0.7646262645721436
2999671 0 0.7676975727081299
2999671 0 0.7639820575714111
2999671 0 0.767432451248169
2999671 0 0.7671287059783936
2999671 0 0.7639989852905273
2999671 0 0.7656657695770264
2999671 0 0.7663884162902832
2999671 0 0.7626922130584717
2999671 0 0.7621445655822754
2999671 0 0.7609927654266357
2999671 0 0.7659599781036377
2999671 0 0.7685177326202393
2999671 0 0.7671923637390137
2999671 0 0.7665729522705078
2999671 0 0.7634055614471436
