750594 0 0.10799694061279297
750594 0 0.10537600517272949
750594 0 0.10459375381469727
750594 0 0.09973454475402832
750594 0 0.10737204551696777
750594 0 0.10550332069396973
750594 0 0.10506105422973633
750594 0 0.10533499717712402
750594 0 0.10575318336486816
750594 0 0.10670781135559082
750594 0 0.10544943809509277
750594 0 0.10517382621765137
750594 0 0.10567212104797363
750594 0 0.10838198661804199
750594 0 0.10617661476135254
750594 0 0.10540580749511719
750594 0 0.1065068244934082
750594 0 0.10601496696472168
750594 0 0.10573291778564453
750594 0 0.10652303695678711
750594 0 0.10444760322570801
750594 0 0.1048576831817627
750594 0 0.10495424270629883
750594 0 0.10491275787353516
750594 0 0.10463285446166992
750594 0 0.10648083686828613
750594 0 0.10676097869873047
750594 0 0.1048727035522461
750594 0 0.10462427139282227
750594 0 0.10509204864501953
