1499579 0 0.8712925910949707
1499579 0 0.29184412956237793
1499579 0 0.2897360324859619
1499579 0 0.2984645366668701
1499579 0 0.3113718032836914
1499579 0 0.295391321182251
1499579 0 0.29447269439697266
1499579 0 0.30382847785949707
1499579 0 0.32063865661621094
1499579 0 0.3307056427001953
1499579 0 0.3299708366394043
1499579 0 0.3285667896270752
1499579 0 0.32703113555908203
1499579 0 0.32680273056030273
1499579 0 0.32536935806274414
1499579 0 0.32050061225891113
1499579 0 0.32725000381469727
1499579 0 0.3269515037536621
1499579 0 0.3296089172363281
1499579 0 0.3271975517272949
1499579 0 0.3295586109161377
1499579 0 0.3308439254760742
1499579 0 0.3283402919769287
1499579 0 0.3233029842376709
1499579 0 0.3273446559906006
1499579 0 0.33143138885498047
1499579 0 0.3226468563079834
1499579 0 0.33289408683776855
1499579 0 0.3248755931854248
1499579 0 0.3284292221069336
