76520242.00 0 1.1875526905059814
76520242.00 0 1.1530890464782715
76520242.00 0 1.1584784984588623
76520242.00 0 1.160621166229248
76520242.00 0 1.1561517715454102
76520242.00 0 1.1593761444091797
76520242.00 0 1.160266399383545
76520242.00 0 1.1583991050720215
76520242.00 0 1.1631402969360352
76520242.00 0 1.1577939987182617
76520242.00 0 1.1573281288146973
76520242.00 0 1.1596777439117432
76520242.00 0 1.161043405532837
76520242.00 0 1.1647553443908691
76520242.00 0 1.1575734615325928
76520242.00 0 1.1606082916259766
76520242.00 0 1.1594181060791016
76520242.00 0 1.1553616523742676
76520242.00 0 1.1585500240325928
76520242.00 0 1.161419153213501
76520242.00 0 1.1575860977172852
76520242.00 0 1.1557502746582031
76520242.00 0 1.1667382717132568
76520242.00 0 1.158102035522461
76520242.00 0 1.1650707721710205
76520242.00 0 1.1598448753356934
76520242.00 0 1.1559715270996094
76520242.00 0 1.1633927822113037
76520242.00 0 1.1558091640472412
76520242.00 0 1.162214994430542
