19170865.00 0 0.24245786666870117
19170865.00 0 0.24302339553833008
19170865.00 0 0.23834514617919922
19170865.00 0 0.23920369148254395
19170865.00 0 0.24097752571105957
19170865.00 0 0.2393202781677246
19170865.00 0 0.2411494255065918
19170865.00 0 0.23692536354064941
19170865.00 0 0.24019503593444824
19170865.00 0 0.24129724502563477
19170865.00 0 0.23945355415344238
19170865.00 0 0.23993158340454102
19170865.00 0 0.23766112327575684
19170865.00 0 0.2387533187866211
19170865.00 0 0.2412090301513672
19170865.00 0 0.2365891933441162
19170865.00 0 0.24207448959350586
19170865.00 0 0.23894762992858887
19170865.00 0 0.23961377143859863
19170865.00 0 0.24170827865600586
19170865.00 0 0.23836946487426758
19170865.00 0 0.24121546745300293
19170865.00 0 0.23967742919921875
19170865.00 0 0.23848485946655273
19170865.00 0 0.24027585983276367
19170865.00 0 0.2356891632080078
19170865.00 0 0.23953747749328613
19170865.00 0 0.24035263061523438
19170865.00 0 0.23703479766845703
19170865.00 0 0.24080300331115723
