153078795.00 0 2.3851089477539062
153078795.00 0 2.350494861602783
153078795.00 0 2.361168146133423
153078795.00 0 2.3716726303100586
153078795.00 0 2.3539299964904785
153078795.00 0 2.3516104221343994
153078795.00 0 2.358898401260376
153078795.00 0 2.356452226638794
153078795.00 0 2.3557794094085693
153078795.00 0 2.351201295852661
153078795.00 0 2.355396032333374
153078795.00 0 2.3530113697052
153078795.00 0 2.3486764430999756
153078795.00 0 2.3578498363494873
153078795.00 0 2.351271867752075
153078795.00 0 2.3678507804870605
153078795.00 0 2.3536441326141357
153078795.00 0 2.3784875869750977
153078795.00 0 2.3536934852600098
153078795.00 0 2.365955114364624
153078795.00 0 2.353692054748535
153078795.00 0 2.3619086742401123
153078795.00 0 2.350433111190796
153078795.00 0 2.3506178855895996
153078795.00 0 2.3460028171539307
153078795.00 0 2.3520255088806152
153078795.00 0 2.3535096645355225
153078795.00 0 2.355736494064331
153078795.00 0 2.350959300994873
153078795.00 0 2.3545215129852295
