38275475.00 0 0.6071503162384033
38275475.00 0 0.5990493297576904
38275475.00 0 0.601447343826294
38275475.00 0 0.6023614406585693
38275475.00 0 0.5984058380126953
38275475.00 0 0.5995986461639404
38275475.00 0 0.597174882888794
38275475.00 0 0.5983903408050537
38275475.00 0 0.5977418422698975
38275475.00 0 0.5999891757965088
38275475.00 0 0.5990407466888428
38275475.00 0 0.5969533920288086
38275475.00 0 0.5980939865112305
38275475.00 0 0.5989625453948975
38275475.00 0 0.5970993041992188
38275475.00 0 0.5985226631164551
38275475.00 0 0.6002721786499023
38275475.00 0 0.5953066349029541
38275475.00 0 0.5987138748168945
38275475.00 0 0.5999279022216797
38275475.00 0 0.5981218814849854
38275475.00 0 0.5984799861907959
38275475.00 0 0.5979390144348145
38275475.00 0 0.5967354774475098
38275475.00 0 0.5983860492706299
38275475.00 0 0.5974140167236328
38275475.00 0 0.5977857112884521
38275475.00 0 0.5976498126983643
38275475.00 0 0.5981762409210205
38275475.00 0 0.5973327159881592
