2999671 0 1.1158826351165771
2999671 0 0.5682225227355957
2999671 0 0.6233823299407959
2999671 0 0.6207656860351562
2999671 0 0.6239476203918457
2999671 0 0.6276659965515137
2999671 0 0.6197919845581055
2999671 0 0.6240010261535645
2999671 0 0.6244544982910156
2999671 0 0.6214339733123779
2999671 0 0.6346573829650879
2999671 0 0.6222445964813232
2999671 0 0.6219468116760254
2999671 0 0.6247756481170654
2999671 0 0.6221404075622559
2999671 0 0.6239914894104004
2999671 0 0.6236445903778076
2999671 0 0.6182563304901123
2999671 0 0.622241735458374
2999671 0 0.6232547760009766
2999671 0 0.6228554248809814
2999671 0 0.6233844757080078
2999671 0 0.6239902973175049
2999671 0 0.6224277019500732
2999671 0 0.6239047050476074
2999671 0 0.625131368637085
2999671 0 0.6219842433929443
2999671 0 0.6227552890777588
2999671 0 0.6226687431335449
2999671 0 0.6237132549285889
