750594 0 0.3701925277709961
750594 0 0.19187140464782715
750594 0 0.19152212142944336
750594 0 0.19085955619812012
750594 0 0.18909311294555664
750594 0 0.1910231113433838
750594 0 0.18987178802490234
750594 0 0.1897566318511963
750594 0 0.19172978401184082
750594 0 0.18928837776184082
750594 0 0.19340300559997559
750594 0 0.18880796432495117
750594 0 0.18975019454956055
750594 0 0.1929328441619873
750594 0 0.19144535064697266
750594 0 0.19071745872497559
750594 0 0.18803620338439941
750594 0 0.18999409675598145
750594 0 0.1915140151977539
750594 0 0.1896364688873291
750594 0 0.18970417976379395
750594 0 0.19012045860290527
750594 0 0.18938088417053223
750594 0 0.18922829627990723
750594 0 0.18973016738891602
750594 0 0.18989324569702148
750594 0 0.18876290321350098
750594 0 0.19058513641357422
750594 0 0.19044232368469238
750594 0 0.1880936622619629
