6001215 0 1.2304987907409668
6001215 0 1.1927978992462158
6001215 0 1.178863286972046
6001215 0 1.1819770336151123
6001215 0 1.1805565357208252
6001215 0 1.181614875793457
6001215 0 1.180553913116455
6001215 0 1.1875584125518799
6001215 0 1.1906952857971191
6001215 0 1.1871402263641357
6001215 0 1.1827232837677002
6001215 0 1.1822521686553955
6001215 0 1.189540147781372
6001215 0 1.1802995204925537
6001215 0 1.1819500923156738
6001215 0 1.1844518184661865
6001215 0 1.1853253841400146
6001215 0 1.182896614074707
6001215 0 1.1853492259979248
6001215 0 1.1864428520202637
6001215 0 1.1842658519744873
6001215 0 1.185723066329956
6001215 0 1.2092139720916748
6001215 0 1.1874206066131592
6001215 0 1.1793582439422607
6001215 0 1.1914148330688477
6001215 0 1.1810181140899658
6001215 0 1.182999849319458
6001215 0 1.1833178997039795
6001215 0 1.1869921684265137
