1499579 0 0.5549507141113281
1499579 0 0.2123873233795166
1499579 0 0.22217893600463867
1499579 0 0.23600029945373535
1499579 0 0.23670029640197754
1499579 0 0.23818516731262207
1499579 0 0.23845934867858887
1499579 0 0.23948907852172852
1499579 0 0.2438349723815918
1499579 0 0.23619580268859863
1499579 0 0.23994135856628418
1499579 0 0.23054265975952148
1499579 0 0.23952388763427734
1499579 0 0.2404484748840332
1499579 0 0.2402045726776123
1499579 0 0.23618388175964355
1499579 0 0.242842435836792
1499579 0 0.2405247688293457
1499579 0 0.24219489097595215
1499579 0 0.23688364028930664
1499579 0 0.2392594814300537
1499579 0 0.23632097244262695
1499579 0 0.23864388465881348
1499579 0 0.24085688591003418
1499579 0 0.23723077774047852
1499579 0 0.23909378051757812
1499579 0 0.24137258529663086
1499579 0 0.23731112480163574
1499579 0 0.2401418685913086
1499579 0 0.2383584976196289
