1499579 0 0.5448226928710938
1499579 0 0.54036545753479
1499579 0 0.5411176681518555
1499579 0 0.5387823581695557
1499579 0 0.537667989730835
1499579 0 0.5484118461608887
1499579 0 0.5403053760528564
1499579 0 0.537837028503418
1499579 0 0.5402066707611084
1499579 0 0.5388433933258057
1499579 0 0.5386693477630615
1499579 0 0.5377213954925537
1499579 0 0.5371077060699463
1499579 0 0.5373060703277588
1499579 0 0.5377352237701416
1499579 0 0.5373320579528809
1499579 0 0.5403428077697754
1499579 0 0.5384464263916016
1499579 0 0.540637731552124
1499579 0 0.538093090057373
1499579 0 0.5418636798858643
1499579 0 0.5393445491790771
1499579 0 0.5342977046966553
1499579 0 0.5336563587188721
1499579 0 0.5343446731567383
1499579 0 0.5402336120605469
1499579 0 0.5350446701049805
1499579 0 0.5410313606262207
1499579 0 0.5396921634674072
1499579 0 0.5384392738342285
