6001215 0 2.0839900970458984
6001215 0 2.060643196105957
6001215 0 2.0532360076904297
6001215 0 2.05424427986145
6001215 0 2.0562381744384766
6001215 0 2.0551841259002686
6001215 0 2.0550613403320312
6001215 0 2.0587120056152344
6001215 0 2.058706045150757
6001215 0 2.055288791656494
6001215 0 2.0530433654785156
6001215 0 2.059601306915283
6001215 0 2.055659532546997
6001215 0 2.0597407817840576
6001215 0 2.0495450496673584
6001215 0 2.058013677597046
6001215 0 2.0562450885772705
6001215 0 2.0507571697235107
6001215 0 2.060452938079834
6001215 0 2.0519559383392334
6001215 0 2.060748338699341
6001215 0 2.0513408184051514
6001215 0 2.051687717437744
6001215 0 2.0528688430786133
6001215 0 2.0581166744232178
6001215 0 2.0589497089385986
6001215 0 2.0580337047576904
6001215 0 2.05989933013916
6001215 0 2.0572540760040283
6001215 0 2.0579750537872314
