750594 0 0.22579169273376465
750594 0 0.21848654747009277
750594 0 0.21722698211669922
750594 0 0.21864008903503418
750594 0 0.21633458137512207
750594 0 0.21628475189208984
750594 0 0.21752262115478516
750594 0 0.21681594848632812
750594 0 0.21731281280517578
750594 0 0.21634411811828613
750594 0 0.21640706062316895
750594 0 0.21883678436279297
750594 0 0.215925931930542
750594 0 0.21609044075012207
750594 0 0.21735858917236328
750594 0 0.2154250144958496
750594 0 0.2160632610321045
750594 0 0.21567082405090332
750594 0 0.2164926528930664
750594 0 0.2173318862915039
750594 0 0.21596455574035645
750594 0 0.2165534496307373
750594 0 0.2173447608947754
750594 0 0.21720075607299805
750594 0 0.21638274192810059
750594 0 0.21767187118530273
750594 0 0.21602845191955566
750594 0 0.21596217155456543
750594 0 0.21810007095336914
750594 0 0.21666288375854492
