2999671 0 1.0655443668365479
2999671 0 1.0406460762023926
2999671 0 1.0397295951843262
2999671 0 1.0447227954864502
2999671 0 1.3631978034973145
2999671 0 1.0012590885162354
2999671 0 1.052896499633789
2999671 0 1.0393247604370117
2999671 0 1.0397956371307373
2999671 0 1.0403997898101807
2999671 0 1.0378432273864746
2999671 0 1.0412836074829102
2999671 0 1.044783353805542
2999671 0 1.0391805171966553
2999671 0 1.037041425704956
2999671 0 1.037740707397461
2999671 0 1.0378553867340088
2999671 0 1.0402817726135254
2999671 0 1.0364394187927246
2999671 0 1.036128282546997
2999671 0 1.0362608432769775
2999671 0 1.032900333404541
2999671 0 1.0384092330932617
2999671 0 1.0344867706298828
2999671 0 1.0399999618530273
2999671 0 1.049055814743042
2999671 0 1.0372779369354248
2999671 0 1.0383822917938232
2999671 0 1.0357439517974854
2999671 0 1.0370285511016846
