1444801 0 1.5491232872009277
1444801 0 0.7569246292114258
1444801 0 0.8070323467254639
1444801 0 0.8294265270233154
1444801 0 0.8281326293945312
1444801 0 0.829376220703125
1444801 0 0.8328170776367188
1444801 0 0.8286721706390381
1444801 0 0.8265814781188965
1444801 0 0.831547737121582
1444801 0 0.8282957077026367
1444801 0 0.8312387466430664
1444801 0 0.8367211818695068
1444801 0 0.8253941535949707
1444801 0 0.8278052806854248
1444801 0 0.8282568454742432
1444801 0 0.8237836360931396
1444801 0 0.826744556427002
1444801 0 0.8283751010894775
1444801 0 0.8228039741516113
1444801 0 0.8355081081390381
1444801 0 0.8289859294891357
1444801 0 0.8251423835754395
1444801 0 0.8257665634155273
1444801 0 0.8330004215240479
1444801 0 0.8276638984680176
1444801 0 0.8259439468383789
1444801 0 0.8249161243438721
1444801 0 0.8248927593231201
1444801 0 0.8231415748596191
