362146 0 0.17439556121826172
362146 0 0.16782736778259277
362146 0 0.16970038414001465
362146 0 0.16886353492736816
362146 0 0.16484522819519043
362146 0 0.16926169395446777
362146 0 0.16695284843444824
362146 0 0.1670830249786377
362146 0 0.16923284530639648
362146 0 0.16974663734436035
362146 0 0.1694808006286621
362146 0 0.16721248626708984
362146 0 0.16791582107543945
362146 0 0.16688275337219238
362146 0 0.1652846336364746
362146 0 0.16666722297668457
362146 0 0.16579246520996094
362146 0 0.16914820671081543
362146 0 0.16714811325073242
362146 0 0.16661500930786133
362146 0 0.16602301597595215
362146 0 0.16916894912719727
362146 0 0.16646528244018555
362146 0 0.16669368743896484
362146 0 0.16843295097351074
362146 0 0.16736316680908203
362146 0 0.16634488105773926
362146 0 0.16695761680603027
362146 0 0.16916179656982422
362146 0 0.17212367057800293
