2888656 0 1.7797622680664062
2888656 0 1.6349287033081055
2888656 0 1.6374354362487793
2888656 0 1.6397225856781006
2888656 0 1.6395652294158936
2888656 0 1.6371955871582031
2888656 0 1.640735149383545
2888656 0 1.63742995262146
2888656 0 1.6355407238006592
2888656 0 1.6421678066253662
2888656 0 1.6333041191101074
2888656 0 1.6362016201019287
2888656 0 1.6454250812530518
2888656 0 1.630441665649414
2888656 0 1.6346724033355713
2888656 0 1.6436207294464111
2888656 0 1.6361312866210938
2888656 0 1.6420085430145264
2888656 0 1.634904384613037
2888656 0 1.6338815689086914
2888656 0 1.638244867324829
2888656 0 1.6456191539764404
2888656 0 1.6441104412078857
2888656 0 1.6347465515136719
2888656 0 1.6341309547424316
2888656 0 1.6365587711334229
2888656 0 1.636660099029541
2888656 0 1.636195421218872
2888656 0 1.6306500434875488
2888656 0 1.6381032466888428
