723372 0 1.168201208114624
723372 0 0.38840603828430176
723372 0 0.38848257064819336
723372 0 0.3867943286895752
723372 0 0.39020609855651855
723372 0 0.38818788528442383
723372 0 0.3843495845794678
723372 0 0.3885197639465332
723372 0 0.386091947555542
723372 0 0.38742589950561523
723372 0 0.3877089023590088
723372 0 0.38489747047424316
723372 0 0.38611435890197754
723372 0 0.39040160179138184
723372 0 0.3816530704498291
723372 0 0.38852930068969727
723372 0 0.38518548011779785
723372 0 0.3854851722717285
723372 0 0.3854529857635498
723372 0 0.3827028274536133
723372 0 0.38410210609436035
723372 0 0.39452123641967773
723372 0 0.3853566646575928
723372 0 0.385378360748291
723372 0 0.38493824005126953
723372 0 0.38223814964294434
723372 0 0.3864784240722656
723372 0 0.3843727111816406
723372 0 0.38415956497192383
723372 0 0.38517165184020996
