29756 0 0.38327836990356445
29756 0 0.2597029209136963
29756 0 0.25602054595947266
29756 0 0.2596709728240967
29756 0 0.25695276260375977
29756 0 0.25654029846191406
29756 0 0.2578465938568115
29756 0 0.258603572845459
29756 0 0.25792384147644043
29756 0 0.2593996524810791
29756 0 0.25841474533081055
29756 0 0.2569711208343506
29756 0 0.25644803047180176
29756 0 0.2592947483062744
29756 0 0.2572047710418701
29756 0 0.25955963134765625
29756 0 0.25858020782470703
29756 0 0.26062989234924316
29756 0 0.25557494163513184
29756 0 0.25846147537231445
29756 0 0.25752782821655273
29756 0 0.2563941478729248
29756 0 0.258544921875
29756 0 0.25689125061035156
29756 0 0.25896430015563965
29756 0 0.25813722610473633
29756 0 0.26090168952941895
29756 0 0.25717830657958984
29756 0 0.25630784034729004
29756 0 0.25910258293151855
