60017 0 0.6728723049163818
60017 0 0.5871305465698242
60017 0 0.5876145362854004
60017 0 0.5889644622802734
60017 0 0.5879521369934082
60017 0 0.5867323875427246
60017 0 0.5899291038513184
60017 0 0.5876264572143555
60017 0 0.5955071449279785
60017 0 0.75795578956604
60017 0 0.7147109508514404
60017 0 0.6475820541381836
60017 0 0.6397402286529541
60017 0 0.6400284767150879
60017 0 0.6394529342651367
60017 0 0.6392099857330322
60017 0 0.7523660659790039
60017 0 0.6192572116851807
60017 0 0.6420578956604004
60017 0 0.6395025253295898
60017 0 0.637566089630127
60017 0 0.6423056125640869
60017 0 0.6390261650085449
60017 0 0.6406683921813965
60017 0 0.637498140335083
60017 0 0.6369764804840088
60017 0 0.6419026851654053
60017 0 0.6367697715759277
60017 0 0.6363701820373535
60017 0 0.6396722793579102
