239917 0 2.5471689701080322
239917 0 2.524933099746704
239917 0 2.5196797847747803
239917 0 2.5111639499664307
239917 0 2.5095102787017822
239917 0 2.521901845932007
239917 0 2.5148556232452393
239917 0 2.515894889831543
239917 0 2.507953643798828
239917 0 2.5115926265716553
239917 0 2.504904270172119
239917 0 2.556626796722412
239917 0 2.502248525619507
239917 0 2.5271544456481934
239917 0 2.515653133392334
239917 0 2.508838415145874
239917 0 2.520003080368042
239917 0 2.506666660308838
239917 0 2.5227630138397217
239917 0 2.5105316638946533
239917 0 2.522911310195923
239917 0 2.5177969932556152
239917 0 2.5086300373077393
239917 0 2.512338399887085
239917 0 2.5091261863708496
239917 0 2.512930154800415
239917 0 2.5117835998535156
239917 0 2.508821964263916
239917 0 2.5111687183380127
239917 0 2.5040111541748047
