120257 0 1.3066051006317139
120257 0 1.2351744174957275
120257 0 1.225295066833496
120257 0 1.2232847213745117
120257 0 1.232553243637085
120257 0 1.227842092514038
120257 0 1.229604721069336
120257 0 1.2258868217468262
120257 0 1.231123924255371
120257 0 1.2215542793273926
120257 0 1.2267701625823975
120257 0 1.2260358333587646
120257 0 1.2267749309539795
120257 0 1.2203516960144043
120257 0 1.2217836380004883
120257 0 1.2179627418518066
120257 0 1.233475923538208
120257 0 1.2272887229919434
120257 0 1.2314720153808594
120257 0 1.2352967262268066
120257 0 1.2278308868408203
120257 0 1.2317028045654297
120257 0 1.2245407104492188
120257 0 1.2255439758300781
120257 0 1.220745325088501
120257 0 1.2244675159454346
120257 0 1.2318236827850342
120257 0 1.2212121486663818
120257 0 1.224487066268921
120257 0 1.2459726333618164
