51811234.57039770000000000000 0 1.1706368923187256
51811234.57039770000000000000 0 1.0699341297149658
51811234.57039770000000000000 0 1.0728166103363037
51811234.57039770000000000000 0 1.0708339214324951
51811234.57039770000000000000 0 1.0713491439819336
51811234.57039770000000000000 0 1.0716595649719238
51811234.57039770000000000000 0 1.0723810195922852
51811234.57039770000000000000 0 1.1777093410491943
51811234.57039770000000000000 0 1.1950726509094238
51811234.57039770000000000000 0 1.1929709911346436
51811234.57039770000000000000 0 1.1906235218048096
51811234.57039770000000000000 0 1.1890006065368652
51811234.57039770000000000000 0 1.1899781227111816
51811234.57039770000000000000 0 1.1922898292541504
51811234.57039770000000000000 0 1.1912267208099365
51811234.57039770000000000000 0 1.1884572505950928
51811234.57039770000000000000 0 1.189065933227539
51811234.57039770000000000000 0 1.190300703048706
51811234.57039770000000000000 0 1.1913261413574219
51811234.57039770000000000000 0 1.1850547790527344
51811234.57039770000000000000 0 1.1850454807281494
51811234.57039770000000000000 0 1.1893675327301025
51811234.57039770000000000000 0 1.1841847896575928
51811234.57039770000000000000 0 1.1849982738494873
51811234.57039770000000000000 0 1.1892662048339844
51811234.57039770000000000000 0 1.1890473365783691
51811234.57039770000000000000 0 1.1910052299499512
51811234.57039770000000000000 0 1.1843769550323486
51811234.57039770000000000000 0 1.185988426208496
51811234.57039770000000000000 0 1.1834440231323242
