218102223.88500010000000000000 0 4.716830492019653
218102223.88500010000000000000 0 4.597138166427612
218102223.88500010000000000000 0 4.592180252075195
218102223.88500010000000000000 0 4.590961456298828
218102223.88500010000000000000 0 4.591618537902832
218102223.88500010000000000000 0 4.61318564414978
218102223.88500010000000000000 0 4.595265626907349
218102223.88500010000000000000 0 4.609221935272217
218102223.88500010000000000000 0 4.607123613357544
218102223.88500010000000000000 0 4.608930349349976
218102223.88500010000000000000 0 4.62565541267395
218102223.88500010000000000000 0 4.601960182189941
218102223.88500010000000000000 0 4.595289945602417
218102223.88500010000000000000 0 4.597573518753052
218102223.88500010000000000000 0 4.60247802734375
218102223.88500010000000000000 0 4.608776807785034
218102223.88500010000000000000 0 4.591566324234009
218102223.88500010000000000000 0 4.591390371322632
218102223.88500010000000000000 0 4.607423543930054
218102223.88500010000000000000 0 4.601641893386841
218102223.88500010000000000000 0 4.595900058746338
218102223.88500010000000000000 0 4.606216192245483
218102223.88500010000000000000 0 4.5991504192352295
218102223.88500010000000000000 0 4.594791889190674
218102223.88500010000000000000 0 4.597261428833008
218102223.88500010000000000000 0 4.592793226242065
218102223.88500010000000000000 0 4.596835613250732
218102223.88500010000000000000 0 4.598404169082642
218102223.88500010000000000000 0 4.600003957748413
218102223.88500010000000000000 0 4.591618061065674
