25717787.90263720000000000000 0 0.6034812927246094
25717787.90263720000000000000 0 0.5042145252227783
25717787.90263720000000000000 0 0.5054380893707275
25717787.90263720000000000000 0 0.5052547454833984
25717787.90263720000000000000 0 0.5063745975494385
25717787.90263720000000000000 0 0.5045285224914551
25717787.90263720000000000000 0 0.5065398216247559
25717787.90263720000000000000 0 0.5060875415802002
25717787.90263720000000000000 0 0.5043952465057373
25717787.90263720000000000000 0 0.5068252086639404
25717787.90263720000000000000 0 0.5085263252258301
25717787.90263720000000000000 0 0.5010578632354736
25717787.90263720000000000000 0 0.5030534267425537
25717787.90263720000000000000 0 0.5040988922119141
25717787.90263720000000000000 0 0.5058436393737793
25717787.90263720000000000000 0 0.5016155242919922
25717787.90263720000000000000 0 0.5036478042602539
25717787.90263720000000000000 0 0.5031139850616455
25717787.90263720000000000000 0 0.49724864959716797
25717787.90263720000000000000 0 0.5046918392181396
25717787.90263720000000000000 0 0.5040147304534912
25717787.90263720000000000000 0 0.5059335231781006
25717787.90263720000000000000 0 0.5036962032318115
25717787.90263720000000000000 0 0.5036389827728271
25717787.90263720000000000000 0 0.504951000213623
25717787.90263720000000000000 0 0.5048136711120605
25717787.90263720000000000000 0 0.5047979354858398
25717787.90263720000000000000 0 0.5037920475006104
25717787.90263720000000000000 0 0.505173921585083
25717787.90263720000000000000 0 0.5039963722229004
