105381655.77913790000000000000 0 2.395081043243408
105381655.77913790000000000000 0 2.28090763092041
105381655.77913790000000000000 0 2.2906370162963867
105381655.77913790000000000000 0 2.2851743698120117
105381655.77913790000000000000 0 2.291515350341797
105381655.77913790000000000000 0 2.2885797023773193
105381655.77913790000000000000 0 2.28643798828125
105381655.77913790000000000000 0 2.2884418964385986
105381655.77913790000000000000 0 2.3062686920166016
105381655.77913790000000000000 0 2.285672426223755
105381655.77913790000000000000 0 2.2911441326141357
105381655.77913790000000000000 0 2.2907543182373047
105381655.77913790000000000000 0 2.289121389389038
105381655.77913790000000000000 0 2.292375087738037
105381655.77913790000000000000 0 2.290151596069336
105381655.77913790000000000000 0 2.285602569580078
105381655.77913790000000000000 0 2.280874013900757
105381655.77913790000000000000 0 2.2894864082336426
105381655.77913790000000000000 0 2.28800106048584
105381655.77913790000000000000 0 2.284158945083618
105381655.77913790000000000000 0 2.2963297367095947
105381655.77913790000000000000 0 2.2822113037109375
105381655.77913790000000000000 0 2.291996479034424
105381655.77913790000000000000 0 2.2926900386810303
105381655.77913790000000000000 0 2.2834324836730957
105381655.77913790000000000000 0 2.283268451690674
105381655.77913790000000000000 0 2.284637689590454
105381655.77913790000000000000 0 2.282425880432129
105381655.77913790000000000000 0 2.2840960025787354
105381655.77913790000000000000 0 2.298116445541382
