456873 0 0.41010069847106934
456873 0 0.40795207023620605
456873 0 0.4049811363220215
456873 0 0.4077150821685791
456873 0 0.4032573699951172
456873 0 0.40694642066955566
456873 0 0.4066500663757324
456873 0 0.40097761154174805
456873 0 0.4110410213470459
456873 0 0.4065077304840088
456873 0 0.40126800537109375
456873 0 0.4058351516723633
456873 0 0.4042379856109619
456873 0 0.4038257598876953
456873 0 0.4066636562347412
456873 0 0.4058952331542969
456873 0 0.4049835205078125
456873 0 0.40478038787841797
456873 0 0.40680766105651855
456873 0 0.40464234352111816
456873 0 0.4004085063934326
456873 0 0.4043412208557129
456873 0 0.405292272567749
456873 0 0.40325260162353516
456873 0 0.40344667434692383
456873 0 0.403994083404541
456873 0 0.39649486541748047
456873 0 0.4027400016784668
456873 0 0.4064505100250244
456873 0 0.40355730056762695
