914393 0 0.8227541446685791
914393 0 0.8010098934173584
914393 0 0.8012621402740479
914393 0 0.7986249923706055
914393 0 0.7999138832092285
914393 0 0.7996816635131836
914393 0 0.8002636432647705
914393 0 0.7985448837280273
914393 0 0.8012444972991943
914393 0 0.8006012439727783
914393 0 0.8000049591064453
914393 0 0.8024806976318359
914393 0 0.7981226444244385
914393 0 0.8020448684692383
914393 0 0.8018293380737305
914393 0 0.7993121147155762
914393 0 0.7999305725097656
914393 0 0.8017289638519287
914393 0 0.8046889305114746
914393 0 0.7999594211578369
914393 0 0.8063554763793945
914393 0 0.7995562553405762
914393 0 0.8018603324890137
914393 0 0.8014898300170898
914393 0 0.7998604774475098
914393 0 0.7983477115631104
914393 0 0.8031644821166992
914393 0 0.8004610538482666
914393 0 0.8006687164306641
914393 0 0.7987937927246094
