1829418 0 1.8286190032958984
1829418 0 1.8136296272277832
1829418 0 1.8102447986602783
1829418 0 1.8064484596252441
1829418 0 1.8128483295440674
1829418 0 1.8210937976837158
1829418 0 1.8071081638336182
1829418 0 1.810288906097412
1829418 0 1.8079590797424316
1829418 0 1.8090741634368896
1829418 0 1.8136851787567139
1829418 0 1.804724931716919
1829418 0 1.8062858581542969
1829418 0 1.801616907119751
1829418 0 1.7940685749053955
1829418 0 1.8093245029449463
1829418 0 1.8093600273132324
1829418 0 1.8106544017791748
1829418 0 1.804053544998169
1829418 0 1.7992331981658936
1829418 0 1.8126466274261475
1829418 0 1.8047497272491455
1829418 0 1.8138988018035889
1829418 0 1.7980213165283203
1829418 0 1.804255723953247
1829418 0 1.8041038513183594
1829418 0 1.8040351867675781
1829418 0 1.8012738227844238
1829418 0 1.8035943508148193
1829418 0 1.8036584854125977
