228116 0 0.1884775161743164
228116 0 0.18592190742492676
228116 0 0.18173980712890625
228116 0 0.183121919631958
228116 0 0.18464946746826172
228116 0 0.18446660041809082
228116 0 0.18274235725402832
228116 0 0.18296074867248535
228116 0 0.18597650527954102
228116 0 0.18013954162597656
228116 0 0.18151307106018066
228116 0 0.18686866760253906
228116 0 0.1821281909942627
228116 0 0.1912393569946289
228116 0 0.18738842010498047
228116 0 0.1837902069091797
228116 0 0.1833324432373047
228116 0 0.18273353576660156
228116 0 0.1842343807220459
228116 0 0.1829831600189209
228116 0 0.18327569961547852
228116 0 0.1850883960723877
228116 0 0.183211088180542
228116 0 0.18260574340820312
228116 0 0.1869525909423828
228116 0 0.18114209175109863
228116 0 0.1815934181213379
228116 0 0.1844649314880371
228116 0 0.18165993690490723
228116 0 0.18165159225463867
