1916.7508298099274 0.2555667773079903 4.4350972175598145
1991.8904453966534 0.2655853927195538 4.48448920249939
1997.7026600267272 0.2663603546702303 4.531649351119995
2247.1944712542463 0.29962592950056616 4.458286285400391
2359.4923169180984 0.3145989755890798 4.514434814453125
2094.4026438596193 0.27925368584794924 4.497490644454956
1623.780304255546 0.21650404056740616 4.445159196853638
2832.9377540018177 0.37772503386690903 4.492842435836792
2054.550446293899 0.2739400595058532 4.475301504135132
2472.2367557112593 0.3296315674281679 4.465308427810669
1990.8687237156555 0.2654491631620874 4.529621362686157
2013.8557020953158 0.2685140936127088 4.476029634475708
2074.468324146699 0.27659577655289325 4.443119287490845
1282.8329195327824 0.17104438927103766 4.460906982421875
2158.6469267912908 0.28781959023883874 4.446199178695679
2129.28764910833 0.28390501988111067 4.484866619110107
2057.815713721793 0.2743754284962391 4.5209596157073975
1598.8206916463096 0.21317609221950792 4.4685959815979
2074.0501088063465 0.27654001450751287 4.5091493129730225
2215.5334660263034 0.29540446213684046 4.4758617877960205
2315.5666359044844 0.30874221812059793 4.468031167984009
1287.3808138269233 0.1716507751769231 4.50879979133606
1085.346646151971 0.14471288615359615 4.490785121917725
1976.5421709829243 0.2635389561310566 4.4989519119262695
2103.504809430102 0.2804673079240136 4.4889445304870605
1750.9561685952358 0.23346082247936478 4.5082902908325195
2948.3922595736803 0.3931189679431573 4.51180362701416
1827.5714755749796 0.24367619674333063 4.505825757980347
1958.6274692056468 0.26115032922741954 4.4745001792907715
2089.921089737327 0.27865614529831023 4.556948900222778
