2142.374168019509 0.14282494453463393 9.048913955688477
6475328.504715614 431.6885669810409 9.030884981155396
1060.4828249581624 0.07069885499721083 9.082189559936523
2406.669748676941 0.16044464991179605 9.095186948776245
2917.069472944131 0.1944712981962754 9.117995262145996
2976.784527163254 0.19845230181088364 9.015918731689453
3652526.389632091 243.50175930880607 8.955672025680542
2374.9744919007644 0.1583316327933843 9.025872707366943
1894.697231814498 0.1263131487876332 9.071728467941284
1876.626802379964 0.1251084534919976 9.095081806182861
3248.1166141775902 0.21654110761183937 9.039876937866211
2801.926796246087 0.18679511974973914 9.024817943572998
2792.3188595781103 0.18615459063854067 9.044853210449219
210293.3047173454 14.019553647823027 9.086863279342651
2258.0601146726403 0.150537340978176 9.07637643814087
3063.8965189845767 0.2042597679323051 9.030242681503296
2666.3768849368207 0.17775845899578804 8.991518497467041
3394.7193475440145 0.22631462316960096 9.05515432357788
2017.1466876117047 0.1344764458407803 9.040134906768799
2498.6612869666424 0.1665774191311095 9.067171335220337
2829.218895143131 0.18861459300954206 9.040451526641846
2875.633270769613 0.19170888471797418 9.0787935256958
2785.162418170832 0.18567749454472215 9.080717325210571
2832.3824082771316 0.1888254938851421 9.063035011291504
2561.9843302455265 0.17079895534970177 9.050916910171509
2954.321345309494 0.19695475635396628 9.142354965209961
2451.7275506593287 0.16344850337728858 9.032951354980469
2194.6897097313777 0.14631264731542518 9.06181526184082
1899.9064263254404 0.12666042842169603 9.03685450553894
3133.676356886048 0.20891175712573654 9.059791803359985
