1729.836655803956 0.9225795497621099 0.9327654838562012
1861.1938100657426 0.9926366987017293 0.9628536701202393
1133.7231085561507 0.6046523245632804 0.9382462501525879
2171.3926124447025 1.158076059970508 0.957904577255249
1469.9881729985937 0.7839936922659166 0.9711549282073975
1558.4039350342355 0.8311487653515923 0.9457266330718994
1666.2362298440712 0.8886593225835047 0.9364368915557861
1998.335623452469 1.0657789991746502 0.9467544555664062
1500.20030293116 0.800106828229952 0.9541621208190918
2595.474455579184 1.3842530429755648 0.9504199028015137
1352.6450487704133 0.7214106926775538 0.9450979232788086
1439.7162835825002 0.7678486845773335 0.9477548599243164
1547.541514647135 0.825355474478472 0.9676892757415771
2171.9396949631628 1.158367837313687 0.9500083923339844
2200.3584608386154 1.1735245124472615 0.9647409915924072
1784.6091643935943 0.9517915543432502 0.9422826766967773
2237.3103811258334 1.1932322032671112 0.9416220188140869
1727.339853914542 0.9212479220877556 0.9578478336334229
169394.41998247243 90.34369065731863 0.9445867538452148
1702.5434352328302 0.9080231654575095 0.9837558269500732
134067.05470807618 71.50242917764062 0.9704952239990234
1541.1795943251636 0.8219624503067539 0.9364933967590332
550.9512059459521 0.2938406431711745 0.951113224029541
1916.0789316347218 1.0219087635385184 0.950202226638794
1646.3507431500475 0.8780537296800253 0.9588637351989746
1279.6250054058619 0.682466669549793 0.9809741973876953
1449.0039786892303 0.7728021219675895 0.9421992301940918
882.0255618474912 0.4704136329853286 0.9451491832733154
1664.4646481850068 0.8877144790320037 0.9721543788909912
1257.2121585441055 0.670513151223523 0.9444060325622559
