2023965.3516331855 539.7240937688495 2.0506398677825928
1418.0583975134068 0.37814890600357515 2.0331480503082275
1880.9190195078263 0.501578405202087 2.029299020767212
9335.09506470611 2.4893586839216297 2.0649359226226807
1489.9486221307889 0.39731963256821035 2.028439521789551
2257.293984816526 0.6019450626177403 2.0256288051605225
2514.6072285228875 0.6705619276061033 2.0174098014831543
1250.2695605055196 0.3334052161348052 2.0749928951263428
2311.7584191294154 0.6164689117678441 2.1204919815063477
1883.3494703613687 0.5022265254296984 2.040057897567749
1734.9891196214012 0.4626637652323736 2.053081750869751
1676.4471899940982 0.4470525839984261 2.0744757652282715
2083.3882817678386 0.5555702084714237 2.0233447551727295
2413.4817935944884 0.6435951449585303 2.0397708415985107
193256.49302901817 51.53506480773817 2.0519678592681885
1364.2728024743847 0.3638060806598359 2.051107883453369
1381.3640459795133 0.3683637455945369 2.0461604595184326
2240.413799427275 0.5974436798472734 2.060804605484009
2679.6350017692894 0.7145693338051439 2.0682337284088135
1661.4339847001247 0.44304906258669996 2.0494492053985596
182766.9574750741 48.73785532668642 2.0637059211730957
1696.155869445647 0.45230823185217256 2.0439822673797607
1591.6444931951119 0.4244385315186965 2.0584495067596436
1567.9627390033565 0.41812339706756174 2.065951347351074
1690.3893118419219 0.45077048315784585 2.0326297283172607
1703.990958510607 0.4543975889361619 2.0549914836883545
1548.9392063185805 0.41305045501828813 2.0510826110839844
1814.5283153537894 0.48387421742767717 2.044339179992676
1656.281643824128 0.4416751050197674 2.0470404624938965
1338.2527195254224 0.35686739187344596 2.038095474243164
