41993.63991537245 16.77934845223997 0.6186494827270508
12658.592814546777 5.057978783890747 0.6416091918945312
29213.402472218848 11.672764269654312 0.6251363754272461
56287.44561020855 22.490707290045062 0.6181013584136963
52337.56140786741 20.91245678566765 0.6739344596862793
27848.446768889087 11.127370552553396 0.6241247653961182
37377.60737125718 14.934925852039587 0.6849088668823242
10948.712093956448 4.374763790373369 0.6159555912017822
50818.389697402046 20.305443163127336 0.6400690078735352
38828.20180921181 15.514538135860972 0.6262364387512207
3064304.066121733 1224.4003090156116 0.6278791427612305
29804.115478773107 11.908794758847888 0.6214210987091064
43925.225272334006 17.55114970202489 0.6456053256988525
37442.7527746383 14.960955922916899 0.6103601455688477
54045.37496515078 21.594845805215993 0.62099289894104
41493.63755224788 16.579563106299062 0.6248478889465332
41221.563112734 16.470850648061308 0.6708025932312012
39589.24501752306 15.818627259956894 0.623560905456543
43249.01140263828 17.28095573525449 0.6761689186096191
21360.416794044897 8.534956178951154 0.6218483448028564
49517.51405774275 19.785653840390314 0.6259438991546631
22742.379239094473 9.08714525949113 0.6176278591156006
40385.189084641286 16.136661678444653 0.6185803413391113
36658.70301353681 14.647674098051763 0.6191487312316895
43052.91136435192 17.202600277605775 0.6715233325958252
48966.625312818505 19.56553588376333 0.6213939189910889
41166.0977180388 16.448688406671724 0.609999418258667
31628.617284351378 12.637808762140612 0.6088094711303711
50044.981189345475 19.996413251008246 0.7242379188537598
30974.07733355451 12.376275017210055 0.6196615695953369
