43268.59845551918 2.15953260455912 6.40952205657959
43352.82885647821 2.1637365377499096 5.737859010696411
43202.17984846234 2.156217656707594 5.527291297912598
35326.24152719905 1.763130147442658 5.501389741897583
47676.12464699359 2.3795119164779495 5.490330934524536
40074.472233569715 2.0001139969407524 5.503778696060181
61099.89229548094 3.049491184300446 5.553172588348389
9364.490640397184 0.4673810473388899 5.435092210769653
40080.04717084719 2.0003922416551365 5.461364269256592
33043.36855411669 1.6491921232539102 5.503295421600342
43090.71647441317 2.150654527808913 5.502760887145996
30520.237188904546 1.5232628201736906 5.502835988998413
9286.211345019517 0.4634741333951954 5.474367380142212
54060.9192760936 2.698176552429352 5.512691020965576
35699.06574976933 1.7817377772977736 5.545793771743774
47641.22982046963 2.3777703182219674 5.535947322845459
35385.96305213845 1.7661108444123834 5.497337341308594
49466.80812191055 2.4688847985809783 5.514055967330933
34892.93762410851 1.741503981127872 5.422789573669434
41773.67124796449 2.0849208962673513 5.457711696624756
38349.20207258244 1.9140058885823283 5.471267461776733
23125.754466988146 1.1542047248844813 5.454774618148804
40217.580871396465 2.007256538654892 5.468371391296387
40454.64515801985 2.0190883999726563 5.47822642326355
33043.197786761215 1.6491836002676081 5.468735933303833
28647.86663731304 1.4298129420100858 5.545243978500366
18690.870237102965 0.932859975256695 5.476720333099365
32767.366544192657 1.6354168829958386 5.477189302444458
32467.102566388436 1.620430729683999 5.5061304569244385
38096.460240549175 1.9013915621124533 5.500900030136108
