44647.771423607715 4.461776432052998 2.680757761001587
33821.55305567582 3.379882209293276 2.6559574604034424
35241.79068374657 3.521810520041847 2.674794912338257
37745.74264518882 3.772037429299149 2.666504383087158
37354.49720759608 3.7329391805637933 2.6915860176086426
32245.252170723514 3.2223580616359153 2.6553783416748047
49211.91564136522 4.917884104484634 2.678319215774536
40689.50534993061 4.0662158538605295 2.724792242050171
38985.29510226962 3.8959093665303137 2.7250561714172363
51320.09855816036 5.128560708326046 2.7002487182617188
37150.00406557112 3.7125036100412077 2.7007548809051514
31091.060224286863 3.107016438516212 2.7009036540985107
37014.69237001892 3.698981534583781 2.6641552448272705
46618.3551575375 4.658702365444289 2.6901772022247314
45869.93215205311 4.583910365292835 2.69641375541687
55436.7548477056 5.539949662934511 2.6286892890930176
45747.09960898897 4.5716353663789375 2.678588390350342
39509.39111634751 3.9482837442245433 2.6952297687530518
42360.755412091385 4.233228537845766 2.6752946376800537
36977.72164884105 3.6952869472131735 2.746511220932007
30422.66631747561 3.0402219695953865 2.678126096725464
39773.56068031688 3.9746829461780147 2.6812503337860107
35757.90358832409 3.5733871233189536 2.672389030456543
43529.39198753494 4.350013653064129 2.6723785400390625
67953.81081714842 6.7908140071651 2.7114648818969727
33344.30023476039 3.3321890026539553 2.673933506011963
51874.50101637037 5.183963693582455 2.6713669300079346
43421.37407845084 4.339219121878721 2.6655447483062744
36169.269261285895 3.6144960433401248 2.692012310028076
31419.663770918618 3.139854708223787 2.6688339710235596
