59856.18127780402 11.975182653027098 1.299968957901001
35003.31804337533 7.002971423886282 1.333259105682373
42211.37889220053 8.445058830668845 1.2996418476104736
23591.966642005485 4.719948778070511 1.3095710277557373
44735.8974191139 8.950128980908264 1.2979662418365479
43134.818683863035 8.6298076726123 1.2864117622375488
74199.61254000437 14.844814586925335 1.3301994800567627
44976.063490828325 8.99817802971898 1.3101952075958252
30726.889025195793 6.147403669609992 1.4030823707580566
25478.987691394403 5.09747740175033 1.3542280197143555
29475.534858226194 5.897050332775183 1.380685567855835
36992.19567131676 7.400878078816002 1.3047387599945068
55844.23449556093 11.172528783602905 1.297659158706665
34780.90930812509 6.958475013133163 1.292776107788086
36471.17764199135 7.296640121540808 1.37593412399292
39418.526661500044 7.886304248074806 1.2888963222503662
43017.950165521586 8.6064262636475 1.3200099468231201
31883.402686778572 6.378782652407057 1.2836062908172607
47660.68206792348 9.535278745603536 1.2954826354980469
29086.56090485456 5.819229896531906 1.3192894458770752
41013.16698015545 8.20533744855833 1.2940115928649902
37569.569824185164 7.51639097643381 1.3277740478515625
25336.151214737678 5.068900689020523 1.2808780670166016
43579.51890837529 8.71877703719071 1.3190772533416748
12129970.800467148 2426.7939051658896 1.3016619682312012
53432.775013508275 10.690077896468495 1.3013536930084229
36546.206959647185 7.311650931854459 1.3825633525848389
27674.941723952128 5.536812990425474 1.2843718528747559
55464.167182674806 11.096490262683357 1.3148066997528076
35093.76645207271 7.021067069009377 1.2832250595092773
