3594.2126539899036 0.05989141622138023 26.445661783218384
5559.072827488184 0.0926324557191866 26.375818967819214
5379.429650224745 0.08963900893776919 26.92202591896057
4754.639405024238 0.07922794642458632 26.83164954185486
4508.086180991493 0.07511955797270208 26.610513925552368
6222.6991446642205 0.10369065505342202 26.670418739318848
7146.8292655022815 0.11908970542635584 27.232747077941895
6802.767259350978 0.11335649963134095 26.341975450515747
537.6910519115627 0.008959703191963006 26.498772382736206
4764.749882021919 0.07939642025859628 26.273715257644653
7121.676608532667 0.11867057934989278 27.176809787750244
6710.6160797467455 0.11182095758520143 26.850772619247437
4583.803461155854 0.07638125714802509 27.037351369857788
4365.356611862779 0.07274121343532566 26.588385820388794
4970.056000695564 0.082817496135292 26.396764516830444
5273.283887417987 0.08787027106041005 26.21648359298706
5447.787658304907 0.09077807841087025 26.479427099227905
7250.684741660021 0.12082027958771717 26.302605152130127
4928.379704525694 0.0821230318281497 26.99784517288208
5346.49709712714 0.08909024417767301 26.25123381614685
5339.707011239603 0.08897709899144761 27.082892417907715
5188.367465422489 0.086455283895386 26.626304626464844
5594.507972336374 0.09322292189725538 26.821457386016846
5288.44156100601 0.08812284780675263 26.86930537223816
6769.384887889028 0.11280023941633531 26.599886417388916
8196.871707137674 0.1365868696111983 26.980117082595825
6273.651510192081 0.1045396892161351 26.7250919342041
5454.744789736345 0.09089400712582944 26.75007176399231
6877.291124317795 0.1145983125803324 26.762417316436768
9022.044949416071 0.15033697258665238 26.88299036026001
3039.104471778497 0.05064148629533348 26.08446192741394
125.05085451155901 0.0020837589473391475 25.93224835395813
5552.124658767134 0.09251667635249085 26.164146184921265
5224.819007718936 0.08706268660127883 26.05466318130493
6151.344972668216 0.10250165962506284 26.072494745254517
6892.150866821408 0.11484592481391533 25.87928032875061
5901.104916760698 0.09833183641580409 26.060434579849243
1935.6852041054517 0.032254888453512355 26.191107273101807
5158.9317048424855 0.0859647872112978 26.04349446296692
3652760.7655278295 60.8670205204751 26.193008422851562
5094.838764921762 0.08489678781582999 25.89210534095764
5529.62870444078 0.09214181968885933 25.979740142822266
4331.898337269202 0.07218368842424745 26.118900299072266
3419.549500164576 0.056980953026421755 26.199084043502808
5748.88583756797 0.09579536539797308 26.124347925186157
5198.013333809562 0.08661601582028909 26.01730489730835
5747.248198165558 0.09576807693384687 26.01663875579834
8949.368241367862 0.14912593935341195 26.209094524383545
7791.982821884565 0.12984008774697398 26.10640835762024
5177.822092890739 0.08627956326995016 25.90291428565979
