204.91868961416185 0.003414620033012679 26.0043888092041
137.50746904686093 0.0022913271570317167 26.500077486038208
123.0916738556698 0.0020511125473036676 26.64094090461731
253.78605557326227 0.004228911238361936 26.460674285888672
178.99851338379085 0.0029827045587233728 26.73340654373169
341.26192859653383 0.005686547284117197 26.385113954544067
176.97919155098498 0.0029490560086746598 26.648555278778076
218.12594932690263 0.003634696462748004 26.45106267929077
182.08019364532083 0.003034055497850366 26.364908456802368
186.70733827352524 0.0031111589615357097 26.444767713546753
171.61622442957014 0.00285969131966727 26.658797025680542
165.02600565552711 0.0027498765775851577 26.45748734474182
134.5879438156262 0.0022426782545805508 26.53327751159668
319078.5980501231 5.316899961926428 26.488206386566162
246.19275019783527 0.004102381770988629 26.619179010391235
181.180351652205 0.0030190611676503007 26.24579381942749
222.42532127536833 0.00370633815444653 26.51709222793579
178.9004894308746 0.0029810711569386297 26.614038228988647
147.97451763320714 0.0024657426476673 26.494179487228394
115.99140342324972 0.001932798665324434 26.622244596481323
142.33821962121874 0.0023718233661220063 26.548967123031616
205.62329657468945 0.0034263611047877715 26.234364986419678
142.23928308859468 0.002370174757754799 26.36161494255066
199.4689343413338 0.0033238091676657776 26.56193208694458
195.34451129566878 0.003255082700680925 26.563806533813477
122.78687700349838 0.002046033628248586 26.610612869262695
166.72273492999375 0.00277814967352434 26.602757215499878
224.91705144569278 0.003747858582731877 26.32645559310913
185.11044590268284 0.003084549477108933 26.574777603149414
136.42791836056858 0.002273338288339421 26.50679326057434
27.699727511033416 0.00046156865753074023 25.75335454940796
95.18868084531277 0.0015861568173330363 26.056769847869873
239.09799541253597 0.003984159797849868 26.078040599822998
170.14442966878414 0.0028351663732891445 26.217212915420532
179.34565308038145 0.0029884890489739403 26.03805947303772
199.18941842857748 0.0033191515122950517 26.117278575897217
256.3022493449971 0.004270839310789518 26.043596982955933
249.0291917938739 0.004149646226537024 26.032389879226685
198.07729657180607 0.0033006199006668825 26.109739065170288
322.85067463852465 0.005379755176885425 26.00408959388733
164.49090803135186 0.002740960089437753 25.946706533432007
170.24123450089246 0.002836779460507455 26.11216378211975
173.56861697230488 0.002892224607388752 25.9876971244812
146.0367338815704 0.002433452790502763 25.893468856811523
144.21381880622357 0.002403077023673099 25.850849151611328
176.82489937823266 0.0029464849930927765 25.977680921554565
161.44815940596163 0.0026902578795454193 25.99786067008972
292.21616796404123 0.004869283436171529 25.96836495399475
255.62375995051116 0.004259533443652846 25.817658185958862
186.23208830598742 0.0031032397323873155 25.994855403900146
