1304.02133137919 0.021729288675363074 26.128639936447144
2560.1325577711686 0.04266023726480669 26.08883023262024
1860.3280930100009 0.03099919088068001 26.246479988098145
1065.99175156001 0.017762932198896558 26.400618076324463
1864.4052776033059 0.031067130199523032 26.116861820220947
1482.1471322588623 0.024697450970492845 26.222244262695312
1987.631071419455 0.03312047762693813 26.02892804145813
1488.5126947797835 0.024803522199750943 26.002170085906982
1867.4724917765707 0.031118240085992097 26.045836687088013
1498.0062824105844 0.024961716625892996 26.158918380737305
925.8658903138712 0.015427974007161402 26.0139741897583
1400.85885296762 0.023342920608037204 26.123464584350586
2022.6037796996534 0.03370323808928115 26.117780923843384
781.1367499614134 0.013016310029909169 26.08556818962097
1415.5359335802495 0.02358748909312947 26.019098043441772
1618.9760080007836 0.026977470528897627 26.117902994155884
1415.5580705329776 0.02358785796764451 26.047740697860718
1540.3891339981928 0.025667954472522528 26.046143293380737
1546.5833324138075 0.025771170211595612 25.9764564037323
1295.3814938310534 0.02158532053644226 25.940817832946777
1305.8462434709072 0.021759697719060344 26.133358240127563
1668.3056003917009 0.027799463948412127 26.101644039154053
1636.4960852861404 0.027269412698697523 25.99810004234314
935.9427258316427 0.01559588726335655 26.267844200134277
1843.5679632788524 0.030719911939146527 26.08979058265686
1647.0400432096794 0.027445109752103188 26.033576011657715
1863.5325007019565 0.031052586862859544 26.06589126586914
2533.1743405042216 0.042211024609253654 26.05242657661438
915.0383635926992 0.015247551763979447 26.012832403182983
1270.7104073530063 0.021174219009867275 26.08448553085327
