542.8451010426506 0.009045586619420412 26.286205291748047
307.87934919353575 0.005130283604129093 26.348804235458374
347.65558289177716 0.005793086614823451 26.462849617004395
338.5287242643535 0.005641003101277883 26.472985982894897
258.39922855980694 0.0043057818884976945 26.50451683998108
311.2083248179406 0.005185755298184461 26.21413516998291
1900.9689633473754 0.03167640158446874 26.527145624160767
302.7206227518618 0.0050443222372779815 26.561589002609253
188.8946368386969 0.0031476065569838257 26.469098806381226
367.0781605038792 0.0061167307037638076 26.690444231033325
539.7320521706715 0.008993712975966892 26.369956493377686
421.3547848369926 0.007021157962795744 26.668235540390015
411.80223819054663 0.006861981085339329 26.87253475189209
9.266862637363374 0.000154416441293361 26.78814721107483
341.7797611001879 0.005695176078513899 26.110985040664673
227.71094216778874 0.0037944140006280183 26.515501976013184
498.5386525867507 0.008307295315811059 26.39941668510437
355.1253162622452 0.005917556965751854 26.30871295928955
390347.14797408413 6.504468644667524 26.2947735786438
270.85421383660287 0.004513322949379465 26.409230709075928
169.81349316518754 0.0028296518815804387 26.502363681793213
348.7482687467709 0.005811294358671884 26.57141900062561
324.2947936616838 0.005403818954356473 26.408807039260864
339.1922606267035 0.005652059801668554 26.61966037750244
264.09824589267373 0.004400746280422776 26.454440116882324
1087.7061238344759 0.018124765132301972 26.87988519668579
104135.83798370417 1.7352459124311357 26.612345933914185
330.13229349814355 0.005501090920724279 26.351014137268066
361.701497442089 0.006027137795297936 26.44970178604126
658.4657450933009 0.010972207212927732 26.470876932144165
301.9148596478626 0.0050308955711112265 25.89856481552124
430.3230430800468 0.007170598671769746 26.149741411209106
214.84976549167186 0.0035801044537093216 26.146121740341187
339.67245295643806 0.005660061386843132 25.689768075942993
282.0360344508663 0.00469964889527981 25.99422836303711
347.6030676672235 0.00579221153828389 26.294686794281006
372.3993280613795 0.006205398874417589 25.975313186645508
308.58023584168404 0.0051419626832513755 26.040678024291992
190.3812281889841 0.003172378063258592 25.903374433517456
408.4347584154457 0.006805867785364225 25.924151182174683
313.7374748252332 0.005227899264152896 26.235431671142578
321.5858836909756 0.005358679595564825 25.974507093429565
689.5334608489648 0.011489897643209995 25.98608136177063
233.55235640145838 0.003891751193740907 25.90448522567749
334.6951432265341 0.005577123019697413 25.826353788375854
343.00404954794794 0.005715576754839611 26.067780256271362
235.2649502614513 0.003920288645906726 25.91835045814514
810.4885973548517 0.013505408444037609 25.956497192382812
395.5436402633786 0.00659105931487838 25.98976445198059
337.7763262838125 0.005628465673764605 25.983933210372925
