587.6745916344225 0.009792593527051148 26.218839406967163
945.0895854858682 0.015748304059859015 26.05145788192749
655.6272268248722 0.010924908153180184 26.117525339126587
1045.1809812150896 0.01741615624861115 25.954822540283203
1300.7468400597572 0.02167472486920994 26.066016912460327
1011.4828499248251 0.016854634435273942 26.23489761352539
1257.8571399105713 0.02096004125682168 26.081841468811035
661.4246989376843 0.011021513125886746 26.043918132781982
929.5375691354275 0.015489156264780174 26.124566555023193
1118.3536058533937 0.01863545308497352 26.307902574539185
114474.42706584837 1.907520844793069 26.241620540618896
1167.9776846831664 0.019462353618111772 25.995073080062866
1211.8849332118407 0.020193992936627676 25.895004272460938
908.4594523701817 0.015137925442934169 25.925255060195923
890.8770473431796 0.014844944687753724 26.085662841796875
956.8131539765745 0.015943657309004503 26.112499475479126
717.4335686303675 0.011954805295767066 26.181609869003296
1235.7583751222119 0.020591803078580117 25.920409202575684
560.942764707841 0.00934715327992483 26.032111167907715
1059.4522911766544 0.017653963258717684 26.092045545578003
972.7295430097729 0.016208876752620477 26.03280282020569
1202.946727335453 0.02004505299902525 26.05730390548706
564.538033763878 0.009407062299282364 25.953296184539795
959.6607171399519 0.015991107086480855 25.943185567855835
65.78171268105507 0.0010961399096858732 25.96649718284607
1114.3101130239666 0.018568075181841785 25.920865297317505
662.770773450844 0.011043943159024364 26.169708490371704
1220.3802031846717 0.020335552103776848 26.131205320358276
152.8038603803143 0.002546215397720533 25.969469785690308
529.3116013165563 0.00882007395696632 26.122251272201538
