2212.755465472117 0.036871791220146534 26.235578536987305
2352.0575484335423 0.039193022553491955 26.015221118927002
2291.0190116036683 0.03817591956968161 26.155683279037476
1965.8116739317775 0.03275689462770085 26.206555366516113
2626.582380260341 0.043767510083547095 26.067944049835205
553.2696175677702 0.009219293385885528 25.95595383644104
2446.938742331229 0.0407740556259229 26.07698345184326
2690.7298543071374 0.04483641819710071 26.204957246780396
2116.549138110131 0.03526867706139725 25.886173009872437
2160.8084918055683 0.03600618361124486 26.06457781791687
2540.823315385729 0.042338481713881757 26.07762336730957
1696.3591986317188 0.02826692925735403 25.938897848129272
2403.599404523149 0.040051879569772936 26.004538774490356
2006.5986607754603 0.03343654011355135 26.151101112365723
2097.9025692176074 0.03495796383261735 26.18270754814148
2724.5110553177074 0.0453993242254728 26.073002815246582
2183.843472102657 0.03639002222221095 25.885746717453003
2897.801940026693 0.04828692089896284 25.98113703727722
2110.173807501793 0.03516244306364283 26.264405727386475
3396.022456392646 0.05658891501791963 26.059714794158936
2026.534726075828 0.03376874059795938 26.109510898590088
1606.258711323142 0.026765558496456836 26.29327893257141
1645.5056310584769 0.02741954139384236 25.999857425689697
906.3474109554663 0.01510273187938553 26.03133201599121
2244.736339977011 0.03740469788162915 26.280850648880005
1973.340806087479 0.032882354757952835 26.08689284324646
2373.1528333052993 0.039544539452515855 26.10503101348877
1907.4343095403165 0.03178413553822545 26.109822511672974
2379.92183996737 0.039657333389444806 26.065096616744995
2154.888302186504 0.03590753376085516 25.99330449104309
