10403.830072760582 0.17336206206177554 26.463632345199585
8176.493602310307 0.13624730329292165 26.488484859466553
11058.001908925362 0.18426271861490318 26.51596689224243
5762.95129073225 0.09602974215608422 26.71498703956604
11761.015210316516 0.1959772347818986 26.7333664894104
9770.342860547826 0.16280607944470954 26.346379041671753
10691.209894326515 0.17815075604400968 26.756856441497803
11943.33724620007 0.1990153201676672 26.42983055114746
10527.641477800906 0.17542516770022248 26.81086015701294
8166.337254893966 0.13607806510671533 26.445693969726562
9696.239135317504 0.16157126740697517 26.819458961486816
17837.613138341345 0.2972333625497728 26.71115779876709
6110.2733610207215 0.1018172713528964 27.04957389831543
5134.53978483472 0.08555833751723142 26.977437257766724
11081.50419058092 0.18465434400502098 26.34507393836975
16169.112564043142 0.269430649694156 26.354270935058594
10265.197243173607 0.17105198269306476 27.25835609436035
10229.440995488316 0.17045616588454698 26.930028676986694
7241.058341950178 0.12065987207507443 26.927884817123413
14208.429179502651 0.23675920925183735 26.561211585998535
9742.204154342413 0.16233719595685894 26.3588764667511
16755.825799249113 0.2792072238579873 27.178515434265137
10683.576309173368 0.17802355538292441 26.60778522491455
10064.291389411315 0.16770422971700424 26.85153317451477
8332.336413057521 0.13884415760904284 26.692278146743774
7850.926908843219 0.13082229030026785 26.53073287010193
11563.796268322505 0.19269091789450146 26.814231872558594
9775.098936833441 0.16288533133429547 26.93245577812195
11868.669798919931 0.19777111466461259 26.271333932876587
7576.202029459178 0.1262444693192825 26.949998378753662
11771.287104256451 0.1961483983536076 28.838624477386475
11777.951507219113 0.1962594492485124 26.288671493530273
10737.85992338229 0.17892809911630045 25.875174283981323
12246.264234194532 0.20406308112931348 26.17833924293518
10729.53200211376 0.1787893285295354 26.11444664001465
8495.821008199826 0.14156834921261488 26.031381130218506
16188.361986859702 0.2697514084541164 26.006889820098877
9914.995305052958 0.1652164654166358 25.91676139831543
16103.449299571104 0.2683364835216053 26.145748138427734
9566.96179040894 0.15941708121453638 25.92958354949951
11519.46796032507 0.19195226233896084 26.036118984222412
9070.110105245374 0.15113789633008273 26.13403081893921
9892.634567138739 0.16484386190361017 26.05157732963562
9064.023436296731 0.15103647238595405 26.096329927444458
10338.132245081477 0.1722673199524009 26.064876794815063
3228401.1979542226 53.79579298449102 25.996476650238037
10154.312053503469 0.16920427036030986 26.299033880233765
13671.5599348424 0.22781320007435826 25.827267169952393
13573.876104683615 0.22618546585455804 26.211727619171143
16894.93440684676 0.2815252312547836 25.912280082702637
