2500.050717925653 0.04165907600253703 27.098517894744873
2455.4311631778255 0.04091556731724868 26.702682971954346
3446.82991343271 0.057435534528136545 26.76452660560608
2409.106398551725 0.040143644221240615 27.045769691467285
2671.2971718376502 0.04451260572796759 27.084619522094727
3036.631662205793 0.05060028114649772 26.765498876571655
2237.1417397139594 0.0372781468371648 27.017512559890747
3239.5793381379917 0.05398205760230206 26.36893105506897
2704.9159935573116 0.045072805982743686 26.91977882385254
1375.9409055272117 0.0229277055650766 26.679393529891968
3722.214418570511 0.06202434704589839 26.612950801849365
3248.970222355798 0.054138540651448054 26.83018445968628
2971.860968065448 0.04952098813432693 26.96070408821106
3499.877725282684 0.05831948572551865 26.875362157821655
2597.0686711771414 0.0432757145207619 26.872445106506348
2343.752130021341 0.03905462693840066 26.30983328819275
1799.7095101382583 0.029989085712447537 26.938056230545044
3103.00091647543 0.051706211433441895 26.622905254364014
2635.1730712093413 0.04391065927831849 26.36759877204895
318.35735028330237 0.005304881599531134 26.446234464645386
2330.1200294252485 0.03882747126082382 26.638672828674316
1888.1839233869687 0.03146336072590249 26.668232679367065
4243.398269937374 0.07070898592930555 27.134067058563232
2926.1784431301057 0.04875976686604472 26.420833110809326
2940.2352762557566 0.048993999985932124 26.704354286193848
3066.749273214489 0.05110213970361817 27.038804054260254
1951.7705580526963 0.03252292340888797 26.57387065887451
2658.216421343386 0.04429463735832471 27.072558641433716
1942.7971892701462 0.03237339754150028 26.846287965774536
1698.6048357896507 0.0283043489658286 26.71948766708374
3146.181303774938 0.05242573885079835 26.048869609832764
2356.4794118590653 0.039266705356483064 26.044972896575928
3114.708426086232 0.05190129708877672 26.04062581062317
1985.3372380435467 0.033082254810793264 25.94529390335083
2761.592017187737 0.04601721513373104 26.038950204849243
2560.467170839198 0.04266581302018338 25.947739362716675
2007.0492745321244 0.03344404882231555 25.926408052444458
2725.2224606033415 0.045411178579726624 26.028778314590454
2040.6008669603616 0.034003128815754166 26.099520921707153
2379.478460073471 0.03964994522065067 26.10412836074829
