1046.7233652779832 0.06980114854088937 6.5589258670806885
1581.9571881461889 0.10549342102991498 6.346242427825928
887.0028171595186 0.05915012261171426 6.29886269569397
420.04946606536396 0.028011159536467496 6.372602939605713
1609.727092687972 0.10734526775101358 6.329658269882202
1426.917505536927 0.0951545404101369 6.287970304489136
1180.3897446971387 0.07871474225080097 6.27692985534668
1401.856474650558 0.09348333596633177 6.288170099258423
1776.5763840207364 0.11847167665196275 6.338932514190674
1511.1936114763375 0.10077452481505392 6.30962610244751
1213.125885401154 0.08089776433259961 6.333823204040527
1308.7198732995894 0.087272486031052 6.324847459793091
805.4473350339103 0.053711564047903476 6.317304849624634
1242.2059162787627 0.08283697733022154 6.356700420379639
854.0977480483707 0.05695583547438118 6.272106409072876
1558.7376278631855 0.1039450157586353 6.3317015171051025
1231.854890693212 0.08214671522428707 6.311610698699951
1204.6139738108031 0.08033014424787244 6.33271336555481
1356.202744831564 0.09043889950656576 6.338948488235474
294.80220743990503 0.019658998121466424 6.345861196517944
19294155.413893126 1286.6381440319667 6.326391935348511
1932.045765572926 0.1288392119103379 6.367887020111084
1386.5953648721334 0.09246564301528185 6.323918581008911
1071.6408055720385 0.07146277759104645 6.3213560581207275
1236.1290308323223 0.08243173789659114 6.349217891693115
1106.3846021455247 0.07377968097349488 6.345532178878784
1433.570188765647 0.09559817713942692 6.309659481048584
1238.2421651051845 0.08257265306497254 6.3077967166900635
1385.6713336866815 0.09240402364174755 6.320265054702759
2043.9053122280166 0.13629860862468843 6.357771873474121
