2584.16622165218 0.04306071723229679 26.21751046180725
2781.8472955040634 0.04635473475794591 26.077712774276733
2546.5627060467377 0.04243411885837681 26.491676330566406
1713.662400195375 0.028555257563599622 26.098381757736206
1245.942252304405 0.02076150000132315 26.219517707824707
1525.284335743636 0.025416258803319592 26.12643790245056
1089.2211323622614 0.018150010162313157 26.17763113975525
1790.3816083222628 0.029833652157475823 26.230188608169556
1397.139155083336 0.02328093819473783 26.000537395477295
1783.0275075202808 0.02971110862584128 26.27917718887329
1467.3128544334322 0.02445026306228709 26.023137092590332
2104.4740284811705 0.035067465979491994 26.108140230178833
1735.9074110500515 0.028925932682799256 26.247620820999146
1841.4715950982645 0.03068497954328023 26.090067625045776
1308.8298233123496 0.021809413982207763 26.22577142715454
1503.4224447673187 0.02505196772265814 26.046854734420776
1808.7985143680125 0.030140538447098006 25.879215002059937
1555.7604237310588 0.025924090767137302 26.130110263824463
2079.8924254588783 0.034657855541900734 26.14253067970276
1733.4557269904763 0.0288850795545648 26.048550844192505
1872.0849487138912 0.031195098804390295 26.009221076965332
1631.048765230924 0.027178642412093616 26.065051555633545
2131.825043609366 0.035523223940641446 26.017738103866577
1588.160530731082 0.02646398322224886 26.007899522781372
1352.5600232947618 0.022538103089037167 25.950222730636597
1579.4181300243363 0.02631830604343181 25.935078144073486
2003.6525326808915 0.033387447919811096 26.11323857307434
1803.215332747437 0.030047504259511398 26.02578353881836
2338.510254608467 0.038967280035933846 26.00130319595337
1770.7206989172846 0.02950603667619448 26.043887853622437
