1954.9037488577887 0.032575132683261454 26.546481370925903
1722.6003982797265 0.028704194038702602 26.25013017654419
571.5899392943829 0.009524570262761507 26.663082122802734
286.89723887946457 0.004780652565846492 26.789983987808228
1186.597923349589 0.01977262809863651 26.29539179801941
1117.1335382694378 0.018615122742135348 26.8633291721344
1469.4539416814223 0.024485940625047137 26.603168964385986
1260.5526767913252 0.0210049577759058 26.648804664611816
1070.6974116293713 0.017841343988331884 26.891875982284546
1199.8852260289714 0.01999403830772554 26.73409342765808
1363.7884844122455 0.02272520621927802 26.595667362213135
1376.3400038406253 0.02293435585694939 26.490055084228516
1444.0149266533554 0.02406204288053928 27.101173162460327
1365.7291583418846 0.022757544236323556 26.234469175338745
20228.670292513445 0.3370762469352197 26.54844045639038
1260.4412828283384 0.02100310158573453 26.485082387924194
1431.5634023640305 0.023854559491103558 27.087485790252686
2566.7397750765085 0.04277033525838532 26.44434118270874
1166.9770781612024 0.019445680219109 26.746111392974854
1418.0721949571744 0.02362975155792909 26.775394201278687
886.6199302924797 0.014774007101769888 26.502214193344116
5463726.173855364 91.043666555112 26.273547649383545
1141.2445713598281 0.019016891935380222 26.453338623046875
1094.4968137880787 0.018237920384256832 26.679982900619507
1464.3160666432232 0.024400326711228028 26.363189220428467
1409.9743594694883 0.023494814957795852 26.670833826065063
1596.0443072700873 0.02659535289554011 26.522705554962158
1320.0358058027923 0.02199614254451461 26.543591022491455
1518.1345146335661 0.025297119243912546 26.931718587875366
726.3478848552331 0.012103347153122045 26.22654414176941
1375.9587893122807 0.02292800356781553 25.905998706817627
1082.2633472401649 0.01803407055471542 25.833529472351074
1438.4553514188156 0.023969402053064515 25.957932710647583
1265.6557342922315 0.021089991514922087 25.962786436080933
1682.5108762020245 0.028036170612151447 25.917692184448242
1354.8103090673685 0.02257560025873708 26.09973931312561
1370.8009788878262 0.02284205746482714 25.984898805618286
823.1735633304343 0.01371678174053811 26.12973141670227
1365.498294503428 0.02275369728469032 26.059256315231323
558.2740320926532 0.009302683408154069 26.012259244918823
1414.487103883177 0.02357001213726182 25.85969877243042
1189.6940945880488 0.01982422050514852 25.927335262298584
1438.2862185109407 0.023966583741974596 25.96813988685608
1464.6447752788663 0.02440580407932171 25.869872331619263
1388.7995556686074 0.023141973011608603 26.147677183151245
814.8825878035277 0.013578626791466857 25.90652108192444
5766.569435508922 0.09609003236026241 26.011811017990112
877.9734714981169 0.014629928631087485 26.03797459602356
1598.7299439562485 0.026640104444787403 26.08401131629944
1393.5325939916074 0.023220841012888346 26.045307874679565
1040.744029278867 0.017342222021355127 26.125629901885986
1714.995273977518 0.028577467629097075 26.105671405792236
1592.7955527836457 0.02654121794975927 26.351273775100708
1443.037145132199 0.024045749821197854 26.20585322380066
1575.7939638327807 0.026257915502657055 26.0576012134552
1079.3193857576698 0.017985014463865565 26.140700101852417
1989.844135241583 0.03315735455639538 26.03799867630005
1181.856356387958 0.01969361798215791 26.152180433273315
1639.8164789611474 0.027324741389221138 25.956453323364258
1733.6176270293072 0.028887777342243313 25.94738245010376
1326.1855620285496 0.022098617730385423 26.05212640762329
1254.1626081457362 0.020898478193927997 25.977689504623413
974.2030707448721 0.016233430576056217 26.029922008514404
1591.2232857979834 0.02651501880532498 26.023785829544067
1807.7302326392382 0.03012273735633931 25.959436655044556
919.2285064263269 0.015317373339004299 26.025317430496216
1525.5607364056632 0.025420864548356677 26.17938208580017
1517.3058430235833 0.025283310846613283 26.07731819152832
843.050954837352 0.01404800452637261 25.98657536506653
1316.5073782354593 0.02193734732442446 26.243844270706177
