597.2906122878194 0.009952828090442008 26.15242052078247
743.7831216007471 0.012393875600203412 26.16303777694702
763.0752082811669 0.012715345280600126 26.194115161895752
31.660301060415804 0.0005275648524576407 25.879538536071777
736.5890335123986 0.012273998407195851 26.187467336654663
743.2355800801888 0.012384751755772604 26.00816035270691
58.28187082428485 0.0009711678522480007 26.195837020874023
1003.3611088013276 0.016719299488542366 26.024022579193115
3397.695851693861 0.05661679929304085 26.033434629440308
676.2477817004547 0.011268514487490527 26.421513557434082
556.3153632804751 0.009270045537119985 26.069522380828857
607.785187301226 0.010127702261979048 26.08080554008484
643.318364713341 0.010719801985320323 26.114657402038574
718.8894086573273 0.011979064383751079 25.99251437187195
948.8495661998168 0.01581095771772577 26.065939903259277
526.0129964444786 0.008765108339635867 26.053308963775635
537.9575846781954 0.008964144505374251 26.028308629989624
727.9503109138459 0.012130048847005913 25.966657400131226
833.5177813144401 0.013889150468937374 26.193568229675293
720.5208373051137 0.012006249356257253 25.946494579315186
628.4193142661825 0.010471534751982432 26.06691312789917
309.9562679575756 0.005164891908681419 26.064581155776978
776.4020950375125 0.012937415090736001 26.062533378601074
386.97556647099555 0.006448286996399821 26.044376134872437
649.6373344482854 0.010825096825364287 26.053672313690186
597.3608038667589 0.009953997713242384 26.211231470108032
1210.5081735402346 0.020171051587724063 26.145864248275757
633.4135302314535 0.010554754832670609 26.075125694274902
772.0912913773209 0.012865582909082926 26.11521339416504
794.2498398832977 0.013234817280888914 25.955607175827026
