758.9197304612026 0.012646101338832262 26.75730538368225
45.79291041381657 0.0007630606537812188 26.348732709884644
673.2797911604866 0.011219057993431108 26.33091402053833
596.4716406380758 0.009939181326415997 27.159340381622314
469.29593828413635 0.007820015418280072 26.950451135635376
545.1037695426494 0.00908322347295755 26.551892042160034
743.5017925594002 0.012389187732140912 26.383882999420166
662.1698529059067 0.011033929844304973 26.602062702178955
647.4431208735332 0.010788534003089927 26.944624662399292
545.430502999574 0.009088667928070799 26.281702756881714
843.2471607457846 0.014051273962785615 26.822155475616455
751.7150581274182 0.012526047777448703 26.59887719154358
731.6871230043471 0.012192316439326821 26.793137550354004
669.5054520685226 0.011156165077713805 26.443010330200195
343.46807863470167 0.005723309007171076 26.44974374771118
208.31769400741905 0.003471258636916342 26.667218923568726
1104.906981581822 0.018411388053616178 27.080337524414062
731.7700588647276 0.012193698423814637 26.70777153968811
719.1911377599463 0.011984092183998511 26.609283685684204
1072.3973171990365 0.017869670011806553 26.389716148376465
644.1712526604533 0.010734013906524818 26.365092754364014
551.2529756193981 0.009185689491534598 26.53725242614746
654.772596526891 0.010910667198673786 26.81723666191101
799.1261345986277 0.013316072405315052 26.345879316329956
661.8754650475457 0.011029024373356825 26.52116584777832
604.8759961929172 0.010079225560039378 26.08056950569153
449.04233045503497 0.007482523629882198 26.54415011405945
191.50056946184486 0.0031910299741276537 27.14711570739746
796.0478323008865 0.01326477775418622 26.437177181243896
655.1285058874637 0.010916597820399098 26.531636714935303
211.59980088006705 0.0035259493432591073 25.89531898498535
443.34353116340935 0.007387562871242063 25.9918315410614
729.3477119524032 0.01215333414904154 26.25346612930298
523.9684250885621 0.008731039049401864 25.849268674850464
842.0771969351918 0.014031778513770823 25.989619493484497
717.6136964531615 0.011957806818338645 26.112804651260376
614.0378561206162 0.010231892310484063 26.059266805648804
987.6043225415051 0.016456739552599017 25.98107671737671
784.1517383679748 0.013066549663159456 25.912320613861084
743.3885782165453 0.012387301208447712 26.126693964004517
741.6214752607048 0.012357855455282053 26.041396856307983
771.9791823104024 0.012863714802925781 26.08207631111145
529.9949089307338 0.008831460111506317 26.043771505355835
716.6374810477719 0.011941539855642098 26.083097219467163
287.54968127887696 0.004791524404289414 26.468374967575073
11620.030907991342 0.19362797213549826 26.145783185958862
20971.839001343586 0.34945988439580294 26.137224674224854
498.16885581985116 0.008301133284174141 26.075725317001343
952853.387152453 15.87767455677647 25.87083125114441
675.4633374204859 0.01125544306312115 26.205734252929688
