445.1856914279051 0.014841150627115612 12.549305200576782
1356.8420909475535 0.04523303025390296 12.666487216949463
1532.9329674434848 0.0511033699176838 12.675114870071411
682.094063967932 0.022738962505152466 12.628669261932373
1348.0908732344396 0.04494129100272796 12.605964422225952
748.4541486590169 0.024951207937771076 12.622997999191284
1394.1570554450154 0.046476998825705065 12.606690883636475
1282.9486297406256 0.042769644729059475 12.626652240753174
1387.869481745176 0.046267390048614535 12.589589357376099
2245.573495660443 0.07486065957434808 12.679620265960693
1925.0153967458755 0.06417421766406634 12.603485584259033
1233.4625988760963 0.04111992944813269 12.592728614807129
1051.9763126056641 0.03506972306648509 12.618709564208984
1351.0404340606183 0.04503962048039996 12.567087173461914
2417.777069353964 0.08060140826623867 12.679741382598877
1584.679194541648 0.052828433336244145 12.724792003631592
1298.7307944479398 0.04329577458487747 12.665561437606812
2547.7964929169975 0.0849358643970288 12.699742078781128
285.7199147073552 0.009525041736488942 12.621829986572266
1169.7223073197529 0.038995020031188515 12.604712724685669
1650.1792298839428 0.0550120073129334 12.598824501037598
1243.776329357177 0.04146375817071862 12.587227821350098
1020.2390231736936 0.0340116973886034 12.621774435043335
1138.0692152404226 0.03793980123955002 12.663652181625366
1582.05575166177 0.05274097564905518 12.597614288330078
572.9933691108599 0.019101873809189738 12.636508703231812
1408.4657261986285 0.046954006829369906 12.645186424255371
1695.9394134432077 0.05653751406214907 12.590166568756104
2253.28764365986 0.07511782604358477 12.600871801376343
1227.8578749913722 0.040933084828015213 12.676660537719727
