1146.817365187453 0.15278797394962565 3.5743930339813232
2179.1870920247165 0.29032833889222626 3.1550183296203613
1239.8652492910624 0.16518454041613206 3.157677173614502
1098.6523699269164 0.14637105677995246 3.1723804473876953
1466.1055099384394 0.1953260364376 3.147240400314331
1258.7983272838173 0.16770695306434868 3.1349213123321533
1612.7251897570677 0.2148598562947569 3.148707151412964
1486.4129455970833 0.19803155175728598 3.18990421295166
1409.4883219697513 0.18778305208538187 3.142754316329956
1506.1222889948403 0.20065738455074786 3.1438851356506348
1014.8880418983754 0.1352113182224179 3.1277153491973877
1112.024178802385 0.1481525536844666 3.1602942943573
1499.7553614594508 0.19980913269483247 3.1253929138183594
1343.1313006469281 0.17894245099839967 3.1519052982330322
1018.8554745324655 0.13573989061096484 3.14162015914917
1176.6474701669067 0.15676217371400608 3.153656005859375
1442.8818037646124 0.1922319927636795 3.1603004932403564
1991.3508963834029 0.2653033326116919 3.1339452266693115
19940082.295738958 2656.5736331144344 3.1333253383636475
1545.2462980966084 0.20586979087184396 3.1500182151794434
854.9638114365516 0.11390496212820135 3.131276845932007
1220.2165548056364 0.16256678774485758 3.1564464569091797
1352.0640748882433 0.1801325450094516 3.1614506244659424
970.4466626617359 0.12929049028659115 3.162928342819214
1110.4685685150325 0.14794530312193177 3.1761929988861084
1294.089063979569 0.1724086608711992 3.143066167831421
1604.9444746462395 0.2138232486066022 3.167436122894287
835.5260824478464 0.1113153159294967 3.153783082962036
1350.603668885422 0.17993797830590463 3.1551945209503174
1282.7122451850446 0.17089295213991113 3.1481804847717285
