636.1159933293238 0.010599786765335416 27.075738191604614
601.8920783679932 0.010029503664974397 26.625657081604004
698.1381717147306 0.011633280455953179 26.09893226623535
992.0807176856324 0.01653133103355958 26.02963161468506
544.7132229385898 0.009076715680717816 26.116655588150024
639.2301058359444 0.01065167813244392 26.076285362243652
264.60559128783643 0.004409200325064782 25.992672204971313
891.7818288244307 0.014860021326088645 26.2698073387146
541.1233329838142 0.009016896294897186 26.041127681732178
323.3232537629083 0.005387629900993521 26.072447061538696
374.4467583941296 0.006239515804618392 26.97465229034424
572.8849276024848 0.009546149031529196 26.132894039154053
354.8038836121559 0.005912200839532593 26.080893516540527
564.7555800853297 0.009410687337236372 26.00779414176941
547.36806007009 0.00912095400798155 26.144043684005737
446.14609371870756 0.007434262790430065 26.01742959022522
405.89674541540444 0.006763576132756524 26.13474416732788
469.90494756400585 0.007830163517954378 26.123061180114746
8259.159084944986 0.13762478239731432 26.101593017578125
1330.2795042060316 0.02216683628575266 26.09231925010681
532.321102052927 0.008870222147563903 25.904906034469604
441.0286230398342 0.00734898888041562 26.13850736618042
471.7774724178016 0.007861365947025753 26.139341115951538
524.0086590806022 0.008731709480173636 26.07176923751831
595.8294813074172 0.009928480837753974 26.005780458450317
599.6163793085143 0.009991583026245757 26.17875647544861
812.1971853105351 0.013533879144648795 26.12422251701355
519.8658010708168 0.008662675825992183 25.95902991294861
530.0809568539262 0.00883289395320658 26.233227252960205
428.99625889677554 0.007148490079038587 26.055736780166626
