2.5982124572619796 4.329477376267938e-05 26.451733112335205
109.06365041155368 0.0018173594915621865 26.37033724784851
274740.4856560249 4.578081032857928 26.484026432037354
37951.17895641737 0.6323915899766526 26.320114850997925
85.36629515141249 0.001422483532941454 26.540754556655884
30.268201051279902 0.0005043678830250191 26.728597402572632
56.93971588369459 0.0009488031320939941 26.589964628219604
94.33878621924669 0.001571994774712232 26.60737681388855
71.92303238157183 0.0011984745152701882 26.403441667556763
116.11715208087116 0.0019348940519689957 26.586207389831543
69.81628576945513 0.0011633691805651878 26.62405824661255
50.873459201306105 0.0008477193235254212 26.43382167816162
84.38445850368589 0.0014061229018404754 26.33171820640564
76.74923144746572 0.00127889488124431 26.39101791381836
77.1272008055821 0.0012851930951579321 26.60281777381897
119.92882662918419 0.0019984090993104596 26.371446132659912
109.00938760209829 0.001816455294504501 26.548348426818848
37.090618420392275 0.0006180518181800231 26.49288034439087
78.345668932423 0.0013054967857745973 26.53462052345276
94.3451373744756 0.0015721006058685716 26.497330904006958
65.43138371035457 0.001090302275628428 26.55827760696411
57.287093109451234 0.0009545915803624973 26.694359064102173
86.0706222653389 0.0014342199415508176 26.50766110420227
61.726432394236326 0.001028565588705559 26.37162208557129
96.06091370526701 0.0016006910884757005 26.53822350502014
57.537994901649654 0.0009587724302770298 26.63517999649048
15.09612731076777 0.00025155118273162636 26.695417881011963
71.76892995554954 0.00119590666149354 26.318114519119263
43.85160580370575 0.0007307121275226059 26.685950756072998
73.03625639807433 0.0012170244925081726 26.706860780715942
102.83267617039382 0.001713530946156634 26.062761783599854
94.18628905899823 0.0015694536699484725 25.938106060028076
95.43986516911536 0.0015903423751542874 26.030719995498657
114.54522520303726 0.0019087005748508804 25.930362224578857
110.89533639978617 0.0018478814106774406 26.01369595527649
85.20758257713169 0.0014198388589165977 25.946687698364258
88.57899671979249 0.0014760177184085636 26.014612674713135
80.33683896716684 0.0013386762341820256 26.09130859375
99.37636076845229 0.0016559373521603925 26.081494331359863
80.1742083709687 0.0013359662730125267 25.918826818466187
18.823820807039738 0.0003136668292510723 25.997255086898804
45.7945018094033 0.0007630871716711249 25.916099786758423
106.02514565549791 0.0017667279985052679 25.988638401031494
97.30841530952603 0.0016214785724145198 25.85961365699768
74.29583708196878 0.0012380132536822758 25.943691730499268
89.89664175733924 0.001497974022882687 26.118934392929077
121.53784971032292 0.002025220721309317 25.946430683135986
17.17321708239615 0.0002861623368333937 26.000821113586426
61.644080315716565 0.0010271933319455572 25.910127878189087
84.27425299491733 0.0014042865152292883 26.002531051635742
