214387.40650286153 1.1182980345584903 6.538804292678833
173424.44503867626 0.9046250392910089 6.369401693344116
240484.8644896932 1.2544288663536736 6.3266682624816895
241846.10416047648 1.2615294310427645 6.48585319519043
218921.57546555996 1.1419493876022806 6.386545181274414
304121.6970800981 1.586374412839995 6.306902885437012
220017.85681333765 1.1476678637783828 6.339359283447266
213249.4364969842 1.1123620999729757 6.286924362182617
215040.81289045885 1.121706364790837 6.339822053909302
212110.22647990286 1.1064196971806064 6.315897226333618
312203.9070017375 1.6285332299911222 6.339837551116943
225881.5869989507 1.1782545388481465 6.4069108963012695
220000.49409605563 1.1475772955266006 6.399248361587524
244396.83187188953 1.2748346612001573 6.351950407028198
251003.10636541992 1.3092946320649586 6.4044294357299805
205038.1381408982 1.0695299254410178 6.385667085647583
192142.02808870748 1.0022606079000997 6.331541299819946
133851.02943705767 0.6982002608492506 6.377434253692627
165089.88205707073 0.8611498858140764 6.346785068511963
164259.44692673907 0.8568181296292008 6.375424385070801
233427.9690748863 1.2176183446854707 7.3852009773254395
234062.37054936588 1.2209275405641107 6.777560234069824
288040.99403367564 1.5024934661721088 6.306509733200073
375874.0061598979 1.960652303168886 6.385990858078003
218608.3006294109 1.1403152681394966 6.411263704299927
256034.57478132844 1.3355400227445575 6.547872543334961
134331.6914913468 0.700707513674249 6.5598695278167725
252355.85001460463 1.3163508793922685 6.580944299697876
268934.3197219111 1.4028283007673943 6.439122438430786
220915.52867073566 1.1523503434546936 6.563124895095825
