287094.6737921238 0.18754699094157606 72.76092863082886
271799.5315732062 0.17755531167671276 68.43360781669617
228274.7126878202 0.14912236060377937 67.71954822540283
134697.6386437416 0.08799235625270085 67.88255286216736
255114.11769801378 0.1666554258530803 67.98326849937439
171409.33895537257 0.11197458077415136 68.0565402507782
283490.02042752504 0.1851922210568257 67.7964186668396
211417.76819428802 0.13811042097260304 68.43246722221375
232349.98436909914 0.1517845658303615 68.40215611457825
187007.89682498574 0.1221644688442875 67.89079022407532
248108.4455409348 0.16207891206677894 67.76399064064026
184584.41121563315 0.1205813066503647 68.35527181625366
207090.63031625748 0.1352836820516241 67.81578612327576
170517.56433820724 0.1113920215652385 68.0119743347168
269846.7887327671 0.17627966612408147 68.61338543891907
205204.14449325204 0.13405131944842658 68.10325217247009
177314.77220398188 0.11583235431398704 68.16247653961182
340269.236063838 0.22228371739131994 67.91706418991089
196846.0256818235 0.12859130860144508 67.94915819168091
216036.33637952805 0.14112753917322646 67.8983223438263
213582.33201628923 0.1395244403487036 68.08729457855225
226656.78218463063 0.14806543400386096 68.96278691291809
354.6776637136936 0.00023169614296591088 68.09921216964722
283658.55413609743 0.18530231710806022 67.84439015388489
422418.8858757317 0.275948661521494 68.02944159507751
245002.82213237882 0.16005013766431778 68.55421209335327
190503.6377865076 0.12444809079305047 68.11777544021606
198195.5103262365 0.12947287070442154 68.8397274017334
267163.5861067176 0.17452684162213164 67.86315441131592
361543.29722091556 0.2361811753358233 67.98408675193787
