214886.80163557827 0.2808234736575693 33.341190814971924
319503.559168309 0.41754122937602445 31.729732275009155
159499.95154380798 0.208441514787431 33.22654485702515
246744.93143455684 0.3224570714694771 30.822192668914795
212701.28481723368 0.2779673446631725 30.89814066886902
111740.65403930843 0.14602757534314703 30.777182579040527
234749.722583279 0.30678120775320994 30.805325031280518
202264.72208978236 0.26432838789216373 30.994909048080444
226830.36972290277 0.296431850964223 30.797038793563843
200771.82863114774 0.2623774094064519 30.9496910572052
166105.70637579262 0.21707420420310827 30.78778076171875
289475.48309628665 0.37829922583920556 30.640861749649048
278250.27913028 0.3636296381946623 30.70563268661499
114388.02944287658 0.14948728134298972 30.85349154472351
169476.4410097599 0.22147922769214437 30.79331922531128
339264.8699530661 0.44336617486529395 31.0756676197052
241724.67971721292 0.3158963868896454 30.840972900390625
260447.05348917842 0.3403636040371885 30.745710134506226
174636.89777454734 0.2282231383619348 30.858087301254272
94757.06067845225 0.12383267250834394 30.815705060958862
150676.63535316288 0.1969108191701261 32.446836709976196
154449.82939139009 0.20184179421621548 31.523722648620605
184336.54201225936 0.24089905781042795 31.395686864852905
236561.9658807814 0.3091495265798838 31.618572235107422
222238.47038929164 0.29043095601983543 31.190535068511963
195901.2655621171 0.2560123445011022 31.638734817504883
193873.69301229715 0.2533626239868624 31.440276861190796
206584.01065914333 0.26997302316313027 31.79432725906372
160396.40375356376 0.20961303775485154 31.19995641708374
148153.74036344886 0.193613789621116 32.20062446594238
