225678.9066594094 0.5896175205125721 14.425509691238403
180718.31491167098 0.4721517235558043 15.122318506240845
230995.30311165005 0.6035073453997633 14.22900652885437
252391.73594103009 0.6594085009814512 14.22529125213623
265406.2774217427 0.6934108000534093 14.25198745727539
256471.58096114546 0.670067663330489 14.192652225494385
194646.96881145984 0.5085422684145915 14.329065322875977
259170.28721611947 0.6771184086314265 14.30381155014038
290619.6527298391 0.7592842485425435 14.398653507232666
215163.16868197173 0.5621436930096144 14.22414779663086
300934.2576419264 0.7862325879480958 14.363739252090454
215334.6657196954 0.5625917528644527 14.039193868637085
217120.0490713641 0.5672563150982819 14.248924732208252
306128.8322497159 0.7998041363293752 14.128968954086304
382041.2141487077 0.9981357883833124 14.376803874969482
167775.64797542244 0.43833720672420773 14.376445770263672
212169.58219099045 0.5543225320939595 14.227695226669312
149875.85288979113 0.39157150339686475 14.24856162071228
109542.08627709001 0.28619393038777446 14.332932710647583
206959.37909057736 0.5407101521028214 14.235834121704102
271293.3957216665 0.7087917151169685 14.989719152450562
294461.0001172498 0.7693203026670468 15.20192265510559
267786.0840958059 0.6996283758615821 14.358771324157715
206883.3189573437 0.5405114344298632 14.596086740493774
234940.5360269621 0.6138148149094482 14.672179222106934
379454.58090883493 0.9913778494161991 14.396027088165283
135220.84540247917 0.3532832588033961 14.679304361343384
114783.9349455908 0.2998889888253269 14.296515703201294
225284.85778246075 0.5885880130356599 14.786473751068115
244600.05040964484 0.6390516392275859 15.03588056564331
