55348.39815106988 0.922286539493584 42.123987436294556
37057.002380612306 0.6174916642815215 42.31871700286865
36669141.14671826 611.0286191499266 42.38686728477478
47283.69841562025 0.787902090087095 42.35041379928589
224191.83433867618 3.7357740780604622 42.10816192626953
52961.73253038246 0.8825168325144569 42.046210289001465
71768.36566499993 1.1958972585551415 42.22961950302124
28328.581106945872 0.47204742884475687 41.7992525100708
64182.07730872091 1.0694847178233224 42.21994376182556
42303.919085193425 0.7049225712658758 42.23842167854309
51834.23797588609 0.8637290611298895 42.07579779624939
64181.47616295982 1.0694747007557606 42.04589533805847
2941.612589268945 0.0490169505553283 42.072280168533325
73886.45460423641 1.2311915937728677 41.9237380027771
52192.17192392796 0.8696934191480885 41.79305982589722
26975533.692513466 449.50120421470433 41.820515155792236
56306.17185117118 0.9382462026634804 42.14660620689392
57856.03988245409 0.9640721067726133 41.941073179244995
27508.921141070314 0.45838919520580934 41.986708641052246
56893.18978468049 0.9480278541042189 41.6731436252594
45881.73823838215 0.7645408177907667 42.09579133987427
52496.38213760499 0.8747625628744345 42.04635763168335
44801.31909501366 0.7465374777443178 42.130671977996826
52233.97675022017 0.8703900251902352 41.83070206642151
34840.43948486447 0.5805564287375885 42.09781241416931
42587.35233181156 0.7096455023159737 41.85538840293884
58976.58456632588 0.9827440704311691 42.24532437324524
59710.95510177035 0.9949811013564812 42.04574513435364
48141.781889253296 0.8022005858689165 42.168237924575806
56424.262890026905 0.9402139881678444 42.17135953903198
