452350.7370150406 7.537652575604116 45.31643867492676
505923.4731253013 8.43035073939696 44.97143030166626
399759.03834278695 6.6613017254470455 43.32778215408325
101041.23791984562 1.6836796868608377 41.97446870803833
163299.6085365871 2.7211091176801214 41.904345989227295
290970.22030115686 4.84852184601213 41.9063286781311
559455.8367740102 9.322376165060078 42.017069578170776
231515.44089113642 3.8578094751002325 41.86566758155823
375130.48920390755 6.250909010990401 42.70876145362854
365840.210908941 6.0961023877488305 41.6391761302948
304553.4838940995 5.07486373832798 56.42256259918213
229968.5509439893 3.8320331956776967 44.934653759002686
454755.83290497214 7.577729391547747 43.53387665748596
297541.2150009498 4.958016251724856 41.943437814712524
346794.27234021947 5.7787343452987345 42.265347957611084
361132.6776628997 6.017659385022862 41.82278370857239
287470.6996832676 4.790208310871509 42.01145911216736
348926.46645182464 5.814263719127288 41.823320150375366
300301.301302976 5.004008376686654 41.88576793670654
378230.4809935959 6.302565080464471 42.423534631729126
408641.1281864932 6.809306585191385 42.007930517196655
361169.41820842866 6.0182716034741075 42.54673671722412
337169.018085788 5.6183459197143915 42.1497859954834
370001.12750743143 6.165436957473302 41.91766881942749
364564.83800209686 6.074850476146861 42.18122220039368
310833.5474784244 5.17951027380996 41.77724242210388
72347.0532745719 1.2055400993727419 42.01171612739563
337048.2759528542 5.616333958254357 42.06247663497925
533202.8017096296 8.884914166708402 42.03797507286072
185722.4555674959 3.0947475730747174 41.808820486068726
