3360.6815428594127 0.0560000190438005 43.91923809051514
4552.018368810415 0.07585161286190238 43.07940936088562
4188.631614346057 0.06979639313615754 43.780906200408936
3752.39355882816 0.06252723088288221 43.37106513977051
7925.8953100871295 0.13207151068720466 43.00542688369751
4488.383415598422 0.07479124503285454 43.87142539024353
6374.786781354807 0.10622493580641267 42.64711284637451
4982.128317992203 0.08301866068774745 43.09551501274109
5049.921910069883 0.08414832513199215 42.219640493392944
4242.532992804423 0.07069456756347545 43.719980239868164
6333.656968477182 0.1055395777101334 41.996559619903564
5095.729385362007 0.08491162848459864 41.99527335166931
5287.65850051865 0.08810979944092405 41.84047198295593
4173.002347740345 0.069535958097491 42.06115937232971
2607.5059832902625 0.043449634503850684 41.972171783447266
4364.907147339545 0.07273372387657408 41.954123735427856
4827.014513256028 0.08043395401191306 41.47315764427185
3415.1575265480205 0.056907768286055746 41.883166551589966
4870.506012703292 0.0811586655819412 41.87013244628906
4433.569449716248 0.07387786389449882 42.01457762718201
6560.745263670571 0.10932361636219617 42.51586627960205
4915.521788239479 0.08190877661006112 41.95009517669678
6278.175348479301 0.104615071256059 42.274558782577515
3023.6036187754944 0.0503831910500706 41.92964291572571
4900.269811473787 0.0816546284622995 42.25780963897705
4739.384180250578 0.07897374415431838 41.959214210510254
4231.3752962984145 0.07050864360464364 41.83316230773926
5230.733219033107 0.08716123683342634 42.14381265640259
4410.988846353255 0.07350159669922267 42.19358944892883
7650.462341025472 0.12748189060091117 42.002243518829346
