98101.79571618605 1.6346989020754308 42.322524309158325
73406.23288545385 1.2231895188799908 42.005916595458984
85414.7868809253 1.4232915648068816 41.794854402542114
157147234.8405037 2618.590316136044 42.10514855384827
121215.1265091598 2.019843090260219 42.409645795822144
59307.656869499944 0.9882608250079349 42.032172441482544
71894.28774678521 1.1979955350172458 42.51569628715515
75040.58163509332 1.2504231498970346 42.015626192092896
61005.87298102025 1.0165586965476199 42.353679895401
67385.70520708617 1.1228677060742895 41.89079785346985
58001.99046252668 0.9665041239570101 41.916446685791016
75527.44645408727 1.258535920710844 41.8979697227478
95134.57779715396 1.5852552824245418 41.84670925140381
76148.86009795032 1.2688907179287916 41.887547731399536
69474.85376021266 1.1576797991775443 42.26655173301697
67171.04062993918 1.1192906874681072 41.69805145263672
67566.30266581476 1.125877054326745 41.913025856018066
59855.320552852005 0.9973867050730895 41.74651861190796
15446.214010179043 0.25738477975175095 41.85879158973694
104075.5830695359 1.7342418671808277 41.731043577194214
55634.07846104354 0.9270469140173038 42.16596269607544
242312.45531810727 4.037723283003646 41.791049003601074
84599.30845042504 1.4097030093143645 41.75950312614441
70747.33399205841 1.1788835092903422 42.049153327941895
59906.49811007641 0.9982394916708768 41.80773377418518
59606.54006547574 0.9932412030809717 42.047125577926636
71875.50832035672 1.197682607944503 42.07272481918335
56895.43747718539 0.9480653080615407 41.852975368499756
77659.87396846805 1.2940691837980818 41.96063947677612
57314.33778326586 0.9550455663272497 41.8004515171051
