15916.335926194675 0.2652185586784455 42.439966917037964
20498.135852211155 0.3415664303347098 42.37907958030701
21524.25002169516 0.35866487072526415 42.23350524902344
21091.381080920808 0.3514518490159211 42.11685848236084
25185.2246122472 0.4196687606134291 42.04381322860718
22587.945447900333 0.37638953858344243 42.06101036071777
26198.99869279936 0.43656157449448757 41.782878160476685
15821.169878439978 0.2636327790029182 41.8990478515625
17882.03188035451 0.29797352503375585 41.95046353340149
20562.88454453461 0.34264535672417346 42.004448890686035
20764.598275104538 0.34600657158766246 42.085665464401245
22270.34614712652 0.37109728858450364 41.924293756484985
26740.60936164111 0.4455865914092581 41.72616744041443
11307.450607985258 0.18841935521365685 42.089048624038696
22201.851498573087 0.36995594223124967 41.97462010383606
13831.146026547998 0.23047242977543714 41.824973344802856
34250.09449489508 0.5707193375823909 42.21621894836426
18203.623887289315 0.3033323066627227 42.06895732879639
18894.45104672294 0.3148437615836617 41.80107378959656
19499.91753314156 0.3249328266549617 42.00690507888794
18267.33680158574 0.3043939735801124 42.00509524345398
18213.111329750158 0.3034903986901012 41.82634234428406
20529.37764866557 0.3420870215225678 42.02220296859741
2369704.359271489 39.487076521529204 41.80762028694153
15877.547254470177 0.26457221170163336 41.96118140220642
22389.62679874897 0.37308489695418295 41.88117742538452
17199.320500263944 0.28659730571665815 42.113269567489624
24604.80795716308 0.40999710820497315 42.606770753860474
26917.202973199077 0.4485292223857848 41.99947261810303
23465.057794861495 0.39100511804462085 41.69889783859253
