56054.86712459882 7.468067573761424 5.016607761383057
67392.18579457677 8.978513789688803 4.806541442871094
35840.18683363474 4.774909849217385 4.81100606918335
46331.41109781037 6.1726327545664335 4.849278688430786
43999.80741040362 5.8619982854117705 4.80207633972168
1307.6221572612412 0.1742116453450522 4.822939872741699
54665.96264152683 7.283026861595859 4.785116672515869
28529.361514596385 3.800904552207503 4.834401369094849
50292.55830297037 6.7003677491387315 4.855936050415039
11393.250975449686 1.5178979548796934 4.867218971252441
41998.995383348665 5.595434467015279 4.851269960403442
37177.831637508236 4.953121346228219 4.793594121932983
53019.0623063175 7.063613925280178 4.840355157852173
33831.719000583515 4.507326064501384 4.845572471618652
39468.845895449864 5.258348174305931 4.837416410446167
60885.20503169345 8.111602948024291 4.868253707885742
46044.28807186021 6.134379980636697 4.855276346206665
51955.86434281303 6.921966381667456 4.857640504837036
18289.181906077196 2.436627778276564 4.858882427215576
30078.59911983146 4.007306096215991 4.848279714584351
5046.8413737323135 0.6723796584747964 4.823127031326294
50930.57538866182 6.7853693726118 4.8105309009552
27486.87236169423 3.662015998221972 4.874663591384888
41774.495851974585 5.565524884554711 4.865511178970337
42088.64894919866 5.607378815870985 4.9394237995147705
33310.08113701129 4.437829390724053 4.813538074493408
57293.61681464943 7.6331034906553255 4.862497091293335
70015.74495229579 9.328044848785867 4.848918676376343
32652.43700969871 4.350212899343548 4.837280511856079
38090.36088721827 5.074695626026623 4.822876930236816
