11768.364362609573 0.19609969585508222 42.33450794219971
16383.77084353473 0.27300756336066495 43.51378536224365
6199.237750152126 0.10329971097772911 42.52047157287598
11154.27421685122 0.18586693222707767 41.872212648391724
10431.204806034453 0.17381821524532037 43.100616455078125
8235.691932981834 0.13723374238353123 42.77437376976013
16356.046702461317 0.272545587892807 42.38863253593445
11110.101913334802 0.18513087621981217 41.978025913238525
7699.101883676834 0.12829238551987945 42.9133026599884
10322.187101889402 0.1720016213698293 44.349642753601074
10671.965139762498 0.17783007507250614 42.004156827926636
12545.540224606171 0.20905000445086822 41.757749795913696
10458.570862564258 0.1742742238457422 41.7205228805542
12484.747500967234 0.2080369975241219 41.905930042266846
10309.969218398444 0.17179803120532167 42.01629090309143
10706.641026243567 0.1784078895064344 42.05308508872986
9475.393704703078 0.15789125543249288 42.143229484558105
8065.392298688181 0.13439598979020384 41.98314452171326
9300.220101215877 0.15497228646558867 41.91967725753784
11258.773995961994 0.18760824259690737 42.044883489608765
17290.852089410648 0.2881225233458666 42.39075493812561
5672.530171831138 0.09452302861722399 42.18679237365723
9827.197229003534 0.16375346040765967 41.973544120788574
13331.187799911946 0.2221414796822301 41.79884696006775
10990.737035955302 0.18314186437171975 41.80494260787964
42538.43382966146 0.7088303590133241 42.01777744293213
7768.5515568507835 0.12944964572758655 42.07175421714783
8214.419466708787 0.13687927305901867 41.839380502700806
9694.503102246672 0.16154233938038667 42.13050627708435
11145.510102788918 0.1857208932322691 41.57775330543518
