121613.24594876822 2.0264770708726187 42.195996046066284
163751.3300433699 2.72863628520841 42.56193804740906
140620.81327826995 2.3432057221457647 42.87697124481201
335452.39959900174 5.589741404015716 42.100425004959106
203206.35973748192 3.3860869796779802 42.13533806800842
160753.40250278637 2.678680942155653 42.40930962562561
195531.67458465416 3.25820145728247 41.334611654281616
157381.37389121298 2.6224918435885565 41.868155002593994
218949.16936399136 3.648414018894363 42.339194774627686
107608.67770931125 1.793114856063501 41.95175886154175
131159.61883097515 2.1855510730906182 41.69161510467529
141361.79362318572 2.3555528942586745 42.27270436286926
148807.79229617957 2.4796277469842285 41.71184730529785
166907.73500412237 2.781232383844311 42.272085666656494
150353.0990451658 2.5053776451129615 42.02035903930664
225572.3627489349 3.758778226558037 41.73100447654724
196146.68106807955 3.268449490112911 41.74406862258911
166264.4930999605 2.770513855943513 41.79670977592468
128410.68584433943 2.139744799083843 41.72792983055115
236841.78366261814 3.9465638818575592 41.95114064216614
58131.093217092566 0.9686554008995273 42.37206745147705
191209.06399104558 3.186172533246111 42.02950978279114
44307.52314652316 0.738309211493392 41.73277425765991
191394.2744949432 3.189258750018841 41.66112184524536
187785.86764155887 3.1291308117032774 42.09249472618103
201150.74639253784 3.351833693552686 41.969589710235596
75163.70156724751 1.2524747333206279 41.90033960342407
115543.3739875136 1.9253330198553724 41.83468437194824
149451.0047551822 2.49034578423173 42.161596059799194
133787.18128601555 2.2293349144467505 41.87242889404297
