89859.21313721128 1.497350338843239 42.198384046554565
69014.15492833499 1.150003039856679 42.09716296195984
81419.05918064341 1.356709585986228 42.06363105773926
89751.26775308885 1.4955516133497775 41.795209884643555
70086.82164228987 1.1678771989053862 42.081809997558594
1447430.3757898975 24.118955508007918 41.92581391334534
51486.99411149509 0.8579428351008103 41.957886695861816
50093.90849239472 0.8347294421612077 41.82398462295532
86543.76689012814 1.4421040887574956 42.32175087928772
63181.335341526195 1.0528090618570771 45.488972663879395
90966.16438446846 1.5157957910934445 42.16907262802124
64544.393324284814 1.0755220955137388 42.54521679878235
106280.02441853099 1.7709751178474855 43.039984464645386
25972.031795090064 0.43277955872419277 42.01353883743286
187497.48933464102 3.124325479667718 42.15296196937561
7305419.399489388 121.73233919280327 41.83200430870056
63998.20607925672 1.0664208177720131 42.12966299057007
102892.70330275968 1.7145311958121758 42.34863328933716
75451.97097524069 1.2572782507415696 42.14747142791748
101263.34251002036 1.6873806805791887 43.90458941459656
77804.27125764359 1.2964753180421562 41.8664391040802
97886.90935291257 1.6311181877821836 41.93675088882446
88873.70982078277 1.4809286089697298 41.88976693153381
106388.34806728363 1.7727801464750659 41.748940229415894
73377.69421165157 1.2227139706151433 41.797372817993164
117050.8987196926 1.9504533451924753 41.989798069000244
102035.04029082041 1.7002397063064798 41.867926836013794
103063.07583342586 1.71737016309907 42.362977027893066
59553.498746454716 0.9923573600754967 42.0248327255249
90953.26290954277 1.515580810045012 41.897706508636475
