31793.681442786008 0.5297874087628256 42.03945875167847
18974.721220444888 0.316181326955373 42.069457054138184
4422.5142205655575 0.073693647379165 42.1205997467041
16420.23156535905 0.27361511902771435 41.994396686553955
20562.868919081055 0.3426450963526728 42.43064594268799
24210.767192566767 0.4034310917467008 42.081465005874634
6849.012757029384 0.1141271018790259 42.385629653930664
19298.03351611644 0.3215687742584866 42.19770789146423
21024.402353378944 0.3503357628976623 42.06141638755798
17539.98978944868 0.2922739776769984 41.988487005233765
19389.241969795898 0.3230886073869358 41.896002769470215
30341.693531295285 0.5055925097050394 42.08204126358032
21855.11151737813 0.3641781125551764 42.09771537780762
20118.753409689292 0.33524466978252393 41.80749750137329
24296.580942657776 0.40486103135211415 42.2336061000824
24008.22598693613 0.4000560884243629 41.741838455200195
24012.29609555751 0.40012390983421703 41.97252607345581
26478.389861771837 0.4412171512230746 41.66520881652832
14445.855254114605 0.24071550934460115 41.842748403549194
26553.166888883337 0.44246318268689483 41.797138929367065
11770.014537972398 0.1961271932095817 42.326967000961304
12405.10093824286 0.2067098235647758 41.78548741340637
24895.595627304167 0.41484258816429953 41.94561243057251
23921.496780022047 0.3986108942942729 41.89850211143494
29871.785747528076 0.497762298926602 41.99988007545471
18298.498347977176 0.3049132275377099 41.81103515625
12467.310974679887 0.20774644758902802 41.96816086769104
21815.73798084166 0.36352201980501714 42.114548683166504
21762.130834859796 0.36262874825947405 42.17054724693298
26450.103718869388 0.44074581095443816 41.74465775489807
