15447.271788069047 0.25740240581397344 44.554057359695435
8668.991252759472 0.14445393562402734 42.21591901779175
7545.345399852842 0.12573029627921747 43.7034227848053
13267.78035843093 0.22108490294766858 43.955453872680664
11793.471410330385 0.19651806193129867 42.92016959190369
16236.699699866585 0.27055687389747884 42.06118035316467
7303.129671859555 0.12169418479190555 42.92098808288574
28649.32110725995 0.4773920132383184 45.14648413658142
11697.489445750602 0.19491868639518167 43.441455364227295
19132.50954358373 0.3188105999132464 43.15381479263306
16069.856026195921 0.2677767089863623 42.438743114471436
13249.461774474941 0.22077965502777255 42.909297943115234
23980.16724649165 0.3995885374293647 42.12477350234985
17693.867531956173 0.29483808748655355 42.239110231399536
10505.790636172518 0.17506106073807584 42.25001072883606
17531.324057900347 0.2921295780587822 42.193806886672974
15317.87883587461 0.2552462932235324 42.37455773353577
13463.168221540749 0.22434070803230263 42.25493621826172
11850.603173906915 0.19747006521024352 42.214558601379395
15673.689190647565 0.26117526518625916 42.071099519729614
21259.34592611529 0.35425069633591344 43.0096275806427
9131.724459687248 0.15216459433110208 42.501986503601074
22179.370539708994 0.36958133544138966 42.41887187957764
26329.649491513148 0.4387386469492119 42.09414339065552
19436.57406195905 0.3238773158761859 41.563971281051636
20819.17252541799 0.3469159582754157 41.98271441459656
14376.793032350019 0.23956470535299967 42.177993297576904
19837.736591248773 0.3305620043815923 41.66142439842224
13418.064572439529 0.22358913274127873 41.9880576133728
21790.84106483683 0.36310715521501613 41.721585512161255
