40209.19854075508 1.3404536211056173 20.403738021850586
41074.07700170856 1.3692860650954242 20.352508544921875
44674.98669836158 1.4893295530863744 20.486969232559204
38236.265218621586 1.2746819640761131 20.2470543384552
38970.13635113742 1.2991470181609057 20.63353133201599
21467.067028895486 0.7156473836262539 20.65832495689392
75782.01413313672 2.52634419351778 20.853074550628662
38293.16354755685 1.276578783058437 20.514179944992065
53596.186869830824 1.7867355076550338 20.309945821762085
29908.687164240517 0.9970655836670261 20.631214380264282
39392.03456662083 1.3132118344518726 20.49239420890808
40370.50832133088 1.3458312035330169 20.41646718978882
67011.03241883172 2.233946070046739 20.373113870620728
31577.59535046667 1.0527019579969492 20.239018201828003
61290.1826780946 2.043230163511085 20.278642654418945
34891.65143038286 1.1631826100389961 20.473296642303467
44245.45017092535 1.475010098471644 20.437228441238403
43076.24645482516 1.4360323667103878 20.7171049118042
45151.78703605058 1.5052246408372978 20.335920333862305
42586.85326103913 1.4197174710506295 20.3356614112854
39400.44596046442 1.3134922449983488 20.279898166656494
45515.91170066036 1.5173634608815554 20.452507257461548
27653.797858002596 0.9218943630152305 20.747703075408936
43355.84802167071 1.4453534411497364 20.16128444671631
26794.630552386865 0.8932523117497507 20.325059175491333
44615.667036764324 1.4873520141630305 20.426998376846313
44379.66001039464 1.4794842504526209 20.251033067703247
48621.142469186336 1.6208825057543421 20.40803098678589
43551.786394022405 1.4518854365702907 20.163596868515015
37232.03767938819 1.2412040413561416 20.200567960739136
