44254.38971958682 0.7374238336667962 42.18977499008179
35441.083047398366 0.5905651280182157 43.31093072891235
42590.98618717864 0.7097060543103129 43.18578815460205
38315.30306248274 0.6384590964076897 44.19700741767883
43660.89149959106 0.7275341993178225 45.10150170326233
45239.50359133538 0.753839074109749 44.23233437538147
44585.67768502887 0.7429441818869824 47.3495659828186
27410.560036154464 0.45675017535873097 43.1103618144989
17611.283229675144 0.2934619611141268 42.876155376434326
34491.61297453288 0.5747438306165148 42.19450926780701
34451.32014650665 0.5740724194435068 43.66240191459656
43367.489325607195 0.7226451531166138 43.679689168930054
28473.937022785656 0.4744695369651921 41.90857553482056
37788.90624568518 0.6296875923573007 41.9824013710022
36530.97858398501 0.6087263759752818 42.02288007736206
55462.67080844194 0.924190698190982 41.789142370224
53401.85257819574 0.8898506815402505 41.804574966430664
41212.0852116961 0.6867290242341944 41.81408715248108
14300.931472279131 0.23830060199941397 41.75302696228027
37887.605526614934 0.6313322473301646 42.03245782852173
68195.60456812289 1.1363632959012948 41.85778784751892
48697.71157386061 0.8114642047295524 42.13067102432251
45770.17498025112 0.7626818066050145 41.7357759475708
30908.4887016071 0.5150371833304939 42.05862808227539
63022.184399356134 1.050157083179925 41.986051082611084
40018.10084864404 0.66683331373137 41.918405294418335
39502.648093317635 0.6582441737767708 42.119940996170044
21552.881616653875 0.359141967362507 42.202293395996094
62104.17290389817 1.0348599892504795 42.13101816177368
37884.894160753116 0.6312870670481413 41.83224892616272
38098.0562820388 0.6348390497930636 42.43668746948242
31498.504188803956 0.5248687838846626 41.83021020889282
47083.72159896232 0.7845698179279083 42.317111015319824
44321.06369595509 0.7385348416271553 42.0746431350708
39672.27961416729 0.6610707934004579 42.11380934715271
31013.170277002268 0.5167815230249586 41.70341348648071
37674.03133784421 0.6277733981842712 42.1122989654541
55261.41799358837 0.9208371637008235 42.05929112434387
20034.017064285465 0.3338326832863922 42.029536485672
43007.827712857164 0.7166520065162998 41.801493644714355
