651026.3890266502 43.41394411542508 10.222182512283325
56659.760558373295 3.778377835270652 10.18470811843872
42789.9006741941 2.8534609163101172 10.080116271972656
63880.67818685202 4.259907493159881 10.112709999084473
28769.770620307885 1.9185231735245616 10.065251588821411
37314.44612773624 2.488328132611636 10.135765790939331
11994.627582899993 0.7998663346779326 10.044156789779663
29182.23128983029 1.9460282712568187 10.166188955307007
52728.70564617636 3.516233932735545 10.195856094360352
43318.979590913514 2.888742746525092 10.088412046432495
44714.73236656701 2.9818190549859005 10.104361772537231
35944.122637270484 2.396947585773773 10.124979972839355
46499.05380291212 3.100807213418708 10.222041845321655
46523.86223395192 3.1024615731449905 10.132160425186157
53360.602418405004 3.558372211027562 10.135946989059448
39484.22685496509 2.6330207914998205 10.1549711227417
43217.42860252131 2.881970779966998 10.204293966293335
15648.412551451707 1.0435203848181194 10.140084743499756
45899.90023516794 3.060852428259394 10.089998483657837
37700.04835324478 2.514042164717216 10.10565447807312
41768.22569931229 2.785330129277103 10.177400350570679
33474.91780833108 2.2322877159743557 10.106305837631226
43415.77559286682 2.8951976249912024 10.144071578979492
22368.364739697194 1.491642970440183 10.282784223556519
39308.54896908044 2.6213056443895546 10.154194355010986
40064.9900975856 2.6717492107842 10.166428327560425
39900.25091850618 2.6607635155271034 10.160548210144043
34848.84311081492 2.3239084510262495 10.081125736236572
33429.51324945944 2.2292598955746543 10.156189680099487
43314.68383176229 2.8884562821806847 10.154464960098267
