2270.760204694234 0.0378383411474882 43.40509748458862
3136.5436083534732 0.05226514311441055 43.24187397956848
1760.2837958447635 0.029332123509068806 43.80448293685913
2346.120365609415 0.039094089540358326 43.85266876220703
3098.7611699206755 0.05163556329711026 43.550238847732544
2904.3882733015344 0.04839667089583583 43.2053496837616
2723.5420657740906 0.04538317766942345 43.072033166885376
2633.1100120693445 0.04387628192073346 45.32920527458191
2088.1373551702127 0.03479524321608562 41.93214440345764
2739.7929961532354 0.045653971673290085 42.17345881462097
2505.4864176483825 0.041749652656143506 41.90969252586365
3385.117652999237 0.05640720509095637 42.07341194152832
3242.9575228411704 0.05403834928162331 42.19231152534485
2578.205430054106 0.04296139081926086 42.34465050697327
2207.77507316228 0.0367888014870702 41.892642974853516
2658.375670036301 0.0442972909658511 42.286601543426514
2559.93325192295 0.04265691617319076 41.6800332069397
2741.8100789096206 0.04568758291295381 41.70925498008728
4459.179383199662 0.07430460970319613 41.912205934524536
2682.7872976996005 0.04470406905434317 42.294665575027466
2513.0828322609887 0.04187623393364492 42.111125469207764
2404.56201438047 0.04006791981924444 41.76256775856018
2429.6123329978436 0.04048534060182553 42.055391788482666
2885.758263981901 0.0480862336040602 41.79983615875244
1653.1387879438698 0.02754673491857682 42.01277160644531
1678.2861136496067 0.02796577215863132 41.901761054992676
2221.5796340759844 0.03701883092133817 41.90969777107239
2854.082494456321 0.04755841099604532 42.27994227409363
2601.273216115311 0.04334577608226519 41.92901277542114
994.6735998187214 0.016574536986572245 41.953511476516724
