41401.83188790176 0.6898908285722435 41.96916317939758
45689.264367411844 0.7613335694090587 42.08027672767639
23457.02141831722 0.39087120555282917 42.009506940841675
53336.32985890843 0.8887588573132013 42.183738470077515
37243.97616413701 0.6206072630981728 42.25686168670654
35702.258807142265 0.5949171760575528 42.33240270614624
69008.93063443899 1.1499159859201677 42.03671312332153
41828.28786493931 0.6969969891920104 42.06953835487366
74515.6226133965 1.2416756042467483 42.777966260910034
1709593.6268985607 28.487458404649068 42.31874942779541
38976.287710650824 0.6494732768389538 42.03578329086304
49846.81151554361 0.8306119929971449 41.87624168395996
30486.532149607316 0.5080059979455379 42.10735559463501
55029.17083672341 0.9169671614285342 41.868043184280396
3531.0821825871244 0.05883945472020456 42.11477708816528
44609.51527360268 0.7433413945943059 41.91018533706665
56891.777793523856 0.94800432568278 42.05325174331665
28244.1071116589 0.47063981396532034 41.994511127471924
40773.33676803205 0.6794180306493277 41.779048919677734
45096.46740607079 0.7514556203380613 41.842498779296875
37925.929654153064 0.6319708534713897 42.224605083465576
30450.632869089954 0.5074077977391237 41.97224569320679
44112.74993512686 0.7350636485299538 42.08688688278198
47308.902828506194 0.7883220785875226 41.95001983642578
35890.78592451941 0.5980586585303045 42.348822832107544
51647.62027048413 0.8606193957470967 41.996509075164795
50414.31094925292 0.8400684019694831 42.05311703681946
44050.91108337417 0.7340332096646125 41.74853849411011
40443.10882720165 0.6739153459291435 41.886202573776245
50002.85579280183 0.8332122044086377 42.02005314826965
