16256.958204448223 0.2708944472818958 42.25480628013611
17441.786789400503 0.29063759237755193 42.01089787483215
15637.729779500514 0.2605760630055832 42.32378792762756
22563.88160559535 0.375988555744051 41.973488092422485
40236.40108825639 0.6704709144440982 42.12911510467529
22005.309258155525 0.36668090142005455 41.96949911117554
34711.30501982849 0.5784046233942375 42.48504662513733
31963.908994049765 0.5326239602155525 42.33407497406006
25676.86898324918 0.42786117449965017 42.17296385765076
25747.66972550936 0.4290409479665261 42.06079602241516
29602.353246219456 0.4932726663887139 42.00536394119263
34588.13308543805 0.5763521734421788 41.50130224227905
30641.84033005964 0.5105939435607563 41.99603056907654
27693.993945916183 0.4614731174589843 41.95771312713623
37323.30899588764 0.6219292092665841 42.00328803062439
27449.50514094904 0.457399129025523 41.896225690841675
32194.272253124975 0.5364625705482136 41.98172664642334
18624.73870465532 0.3103494659773949 41.94671034812927
20093.22747420892 0.3348193236571081 41.92555570602417
24623.28470270522 0.41030499161761774 41.72244596481323
34178.37298985012 0.5695242211760472 41.96998739242554
29293.28031598963 0.4881224937948337 41.86732196807861
30629.75088273175 0.5103924935655821 42.22626042366028
31793.1886294242 0.5297791968697039 41.90080428123474
29078.04831870459 0.484536020101006 42.223814725875854
13086.33857863117 0.21806148552636706 41.906445264816284
43761.573335248046 0.729211890179706 42.20795512199402
30334.17530262377 0.5054672312627321 42.331058740615845
29830.49335630983 0.49707423173990317 42.031885623931885
4740.968452766538 0.07900014335041383 42.087769985198975
