39417.89098599274 0.6568318413186786 158.63820433616638
39634.08949894551 0.6604344203456385 137.32503461837769
29544.146699650213 0.4923027536865487 140.13025522232056
51257.13681913726 0.8541126558394803 142.122061252594
42101.78216757346 0.7015543047128533 137.53382110595703
36162.575922065414 0.60258757471721 133.40171694755554
78085.94050247502 1.3011688550147764 143.102632522583
25365.478760858066 0.42267238818902614 133.72630858421326
71632.53856209759 1.1936339318304308 137.4569492340088
47567.11234568339 0.7926246992597897 139.67375206947327
8148.558972476982 0.13578182038932085 136.23985171318054
51441.99888325296 0.8571930664582582 136.87764430046082
47385.0943595767 0.789591680344342 143.20273518562317
42814.670769619755 0.7134333759017092 145.0797848701477
5808.288162695244 0.09678520370783657 141.60535144805908
49624.96254872996 0.8269152588055914 141.74470973014832
24684.48090464808 0.41132472182129926 142.25386881828308
42698.05236917175 0.7114901294016587 142.54591226577759
36683.95465519745 0.6112754609724439 142.0125744342804
41220.908221057616 0.6868760446185918 144.0799810886383
39733.36315415334 0.6620886462850163 142.48372006416321
49408.54468906019 0.82330902474016 142.2591061592102
51372.34831196722 0.8560324586265816 142.03622889518738
22545.416303996928 0.3756808630251862 141.43065237998962
23048.97423207108 0.3840717959958288 141.67723417282104
45403.242755426094 0.7565675076701317 142.02984380722046
17810.332144082524 0.2967787713668403 142.32779002189636
39639.43978271447 0.660523573688236 141.63082909584045
34074.96421954222 0.5678010906048562 141.74193525314331
45880.158905492164 0.7645145009051028 141.75060224533081
