42721.040095077595 2.8488689222160084 22.975773811340332
30924.23119119811 2.0621942019192123 22.692631006240845
30260.971035711 2.017964444401462 22.58242917060852
45234.94526584353 3.016509651431737 22.62231969833374
10921.2630892999 0.7282886122905096 22.667287349700928
39991.205024978146 2.666828824955414 22.653997898101807
53784.44524023309 3.5866363319460395 22.64682388305664
56882.15525427158 3.793208310750656 22.873017072677612
34749.845853882376 2.3173067810287007 22.762346267700195
53938.45899083326 3.596906797896827 22.611085414886475
42123.29074417264 2.809007777794477 22.74222731590271
2678469.8772809245 178.61478970303827 22.58882427215576
51556.97723862482 3.438096775069858 22.61988615989685
44955.42863236833 2.9978699776649536 23.087437391281128
29092.84873888828 1.9400677616109772 22.638627529144287
41330.50723646069 2.7561407059221747 22.688859939575195
24456.76921911328 1.6309090230733614 22.68566870689392
8795.448840317316 0.5865278748446942 22.882453441619873
44060.380735769635 2.938183365849324 22.72774577140808
43899.30194591754 2.927441765049893 22.808899879455566
27744.47989196726 1.850151268587201 22.7195885181427
59759.01267674449 3.985052649893369 22.939720153808594
9914.16969617363 0.6611302036220587 22.69144105911255
37269.679244672414 2.485342835867428 22.57200002670288
28336.99172461219 1.8896631470974317 22.71778416633606
26945.744896014454 1.7968873194419537 22.72108006477356
48117.24858280178 3.208717152134151 22.58862590789795
837258.756733614 55.8329208887037 22.674388647079468
39026.93406911963 2.6025260469184768 22.798039197921753
41222.165451896144 2.7489158925202437 22.67067813873291
