49665.347899397835 1.6556931709976808 50.12745904922485
35225.36939857062 1.174307762370294 49.08780765533447
11697.013436604291 0.3899432116590217 48.970786809921265
31808.425294202752 1.06039713335905 48.856011390686035
48605.80454159854 1.6203711854266198 48.75391340255737
27569.0668661925 0.919069686848741 48.58725357055664
39120.42261738656 1.304157109809261 49.1438512802124
54468.314894486684 1.8158096302723428 49.07413029670715
3378781.1488838233 112.63839097300415 48.74686360359192
38458.778383209836 1.2820998830608368 48.90502309799194
57217.37004265329 1.9074548523039123 48.825358629226685
40259.69956846209 1.342137173325411 48.76127314567566
31368.133821166586 1.045719141238042 49.02332663536072
38899.611452398356 1.2967959303669754 49.18976306915283
20098.218712981325 0.6700141019792278 49.04793095588684
53146.444675826 1.7717424569503124 49.55645751953125
53153.362664112356 1.7719730818517214 49.2051842212677
47612.52047307696 1.5872580850725615 49.32076907157898
26000.127472113818 0.8667659710719549 49.68532967567444
78976.70408893377 2.6328455383584988 49.81921315193176
44964.707534071524 1.4989879734834761 49.139129400253296
42345.095363730565 1.4116579906173232 48.67725133895874
38075.75403496763 1.269331004465744 48.859766721725464
37749.94885585364 1.2584696406990514 48.643539905548096
83839.62000056496 2.7949605140218696 48.577873945236206
37124.29200818529 1.2376121250692258 48.663729667663574
32969.94875954604 1.0991188286830802 48.66118025779724
37460.7851989707 1.248829794966538 48.919861793518066
37360.29230712168 1.2454796645072637 48.955310583114624
59505.247702270746 1.9837258053390106 48.61832594871521
