63096.60653003305 8.406223141942656 11.0728759765625
42638.458941714256 5.680628800884933 10.934861898422241
41062.364067798946 5.470649121602218 10.995735883712769
37851.60138979065 5.04288621941964 10.85597562789917
35278.049553934485 4.700017526643496 10.903330087661743
57933.3374270323 7.718332071270527 10.88184928894043
37566.25826787122 5.004870578218214 10.910728693008423
49116.59298793366 6.54369645746351 10.945230484008789
33186.62488830264 4.421381584225646 10.898985862731934
39205.253756641876 5.223230369099923 10.80795669555664
44334.52750187111 5.9065923124713375 10.987068176269531
38426.94001490332 5.119537328422998 10.943345308303833
23075.61151958478 3.0743133464409227 10.914635419845581
38437.90721301164 5.120998464284505 10.874448537826538
40149.70929224789 5.349058118270049 10.838644027709961
35761.732544694445 4.764457555575244 10.947986364364624
20818.35347932391 2.773583785551698 10.951220035552979
39601.979156228364 5.276085227996543 10.880244731903076
29810.057061514002 3.971528824039894 10.951380491256714
41442.75000093295 5.521327109054023 10.872068405151367
55362.11057136359 7.375773130529099 10.903916358947754
48905.18837715674 6.515531482686611 10.829704999923706
45732.00258894137 6.092774867497124 10.945155143737793
48472.61279920931 6.457900382791404 10.896327257156372
22620.428597044665 3.0136703193796732 10.940823793411255
15063.968384931446 2.006939621810386 10.91741681098938
38831.738414629246 5.173467735504047 10.897471189498901
56934.11045766238 7.585207243551424 10.950207948684692
37096.50074450264 4.942285808906365 10.932565927505493
44062.47364345472 5.870347170834662 10.926121473312378
