2160.47542600194 0.07479171718619108 18.966967344284058
2577.064158903435 0.08921325900015215 19.30545210838318
1337.7974654557183 0.046312107272576536 19.239164113998413
2033.5203994475305 0.07039676581245848 19.11922574043274
1914.099764560815 0.06626264133080625 19.235243320465088
1249.8490662071854 0.043267494163624375 19.158956289291382
1629.450071557425 0.05640858833857078 19.141660451889038
1893.728845410049 0.06555743727913774 19.17569899559021
1754.5464093280025 0.060739195298021034 19.164663791656494
2696.580192632042 0.09335068601564332 19.19096279144287
1854.701016830746 0.06420636506495568 19.207641124725342
2383.5807712930255 0.08251521715611085 19.117924213409424
2156.728922596667 0.07466202007427215 19.17051672935486
3353.729959350545 0.11610001188616939 19.129443168640137
2022.1721016080119 0.07000390844766605 19.366193056106567
1429.5320238410495 0.049487790302516106 19.041470050811768
571.4147326317616 0.019781335424909077 19.172762155532837
2251.673006610479 0.07794881102528232 19.19027328491211
1941.1796889011748 0.0672000989007059 19.081899166107178
1097.8529460779391 0.03800566582098869 19.038830041885376
1809.9354565138929 0.06265666304724041 19.268863439559937
1815.7297809808515 0.0628572519878051 19.27925682067871
1824.9238642817363 0.06317553437590825 19.33174777030945
1041.1886747735552 0.03604405213959555 19.003387928009033
3222.822061077226 0.11156821930604496 19.24013900756836
1939.4276930433698 0.06713944800084778 19.323668241500854
1972.6058130962774 0.06828801397938271 19.180938959121704
1828.777640236076 0.06330894506774348 19.198689937591553
1516.0164502835833 0.05248172334412901 19.302080392837524
2321.011702017393 0.08034919014300744 19.3384211063385
2301.273890367709 0.07966590311784127 18.97636580467224
1743.0219533517957 0.06034023965995936 18.972370624542236
2515.4825590886176 0.08708141637801861 19.05495858192444
2017.4791145250201 0.06984144579780424 19.009941577911377
943.8551948042586 0.03267454466036311 19.263174772262573
1642.9355026772246 0.05687542935805526 19.048665285110474
2407.952140287962 0.08335890948205539 19.133350133895874
2369.7473071492277 0.08203632786836604 19.087478637695312
1505254.035614377 52.10914818567448 19.42670726776123
1853.8525863690302 0.06417699395044028 19.846355199813843
