4154.399833085015 0.14381774199091257 18.989299058914185
5092.404674587771 0.1762897580946908 19.0223491191864
6957.763605475891 0.24086508069759402 19.33663845062256
6770.027853415348 0.23436601150899752 19.0546875
4469.151198147796 0.15471385994551778 19.088433980941772
4689.467686609365 0.1623408147806234 19.196229934692383
3556.686015893705 0.12312598024457413 19.047484636306763
5616.508766787127 0.19443328547210628 19.05979609489441
4346.950903864577 0.1504835087274005 19.059433937072754
4818.39116812963 0.1668039104735777 19.082201957702637
5009.779314207379 0.17342941887879273 19.145646333694458
4777.056853357237 0.16537299191586802 19.0283203125
2407.5803164918907 0.08334603762067518 19.21456789970398
6121.266851318069 0.21190708936329106 19.07490086555481
4963.622722779401 0.17183156190212337 18.980446577072144
4829.924786707386 0.16720318330418665 19.1369526386261
6761.185697037261 0.23405991218882627 19.03849744796753
3981.948436219711 0.13784778929092667 19.053632259368896
5355.858112615999 0.18541003541494724 19.087955474853516
5669.437070917338 0.1962655667866765 19.12651491165161
1096.509379025083 0.03795915398112766 19.200259685516357
3430.3424285328947 0.1187521957800754 18.991724491119385
2206.8079949272797 0.0763956661827258 19.136807203292847
6759.019608307164 0.23398492614929448 19.201191663742065
7850.910559177399 0.27178419857461045 19.1190128326416
5134.391802228056 0.1777432758427468 19.027785301208496
112984.03334811423 3.9113010807833892 19.083045959472656
8210.328360096086 0.28422658703895815 18.999144554138184
7275.840228788555 0.2518763130254539 18.909515380859375
7291.79006281402 0.2524284671769162 19.189989805221558
