2146.0415318142623 0.07429204210588808 19.208089351654053
12236.76710136095 0.423614549512332 19.335970401763916
12524.428689336404 0.43357286881291524 19.300376176834106
15056.966115595307 0.5212446935735965 19.316389799118042
16777.355048080906 0.5808014193479911 19.03323483467102
12773.744865342509 0.4422037399171971 19.062462329864502
15880.887586629484 0.549767351551361 19.104570388793945
14505.9978574384 0.5021711777878155 19.3437340259552
14135.572999947239 0.4893477451087024 19.066001892089844
15931.490289282985 0.551519124786163 19.067427396774292
17339.682504406665 0.600268169848077 19.199512004852295
14976.54623682145 0.5184607041067351 19.285186052322388
15990.293459395878 0.553554783241614 19.134647607803345
13918.838619105518 0.48184479630338534 19.04375171661377
14291.791336605325 0.4947557388835959 19.12978959083557
12150.483741106931 0.42062757701529474 19.031376600265503
12376.060510696378 0.42843663318499603 19.17736577987671
19399.44600165356 0.6715734238224821 19.206943035125732
13265.480981546454 0.4592267470251374 19.072840452194214
13823.87855152553 0.47855745203047817 19.269477605819702
14288.955022550188 0.49465755086622254 19.38440704345703
19555.285706476774 0.6769683100541143 19.08959698677063
3670569.515828207 127.06841921738716 19.25712823867798
12659.328855458181 0.43824286642155325 19.219752311706543
16593.533302979078 0.5744378459387022 19.147242069244385
10074.18516834313 0.348749908896841 19.00802731513977
13577.313964028377 0.4700218358997533 19.329252004623413
17590.368224591017 0.6089464520729023 19.132251501083374
15073.372314597014 0.5218126462478403 19.00161647796631
13092.421106972266 0.4532357299371149 19.11961579322815
14980.665197258815 0.5186032950015099 19.06484317779541
12963.419046855997 0.44876991399654365 19.12071919441223
18503.197076573968 0.6405469213562974 19.170871257781982
15329.746866642963 0.5306878654517174 19.121773719787598
14079.02780275466 0.48739025355579413 19.078593969345093
22505.665794958826 0.7791050853739188 19.39296555519104
3624706.8187841773 125.48073632804243 19.028066158294678
11788.427918585949 0.4080938650564812 19.071266651153564
18849.93497445667 0.652550354713634 19.192238569259644
13982.037383535877 0.4840326222137865 18.96726679801941
