5340.123192849103 0.18486532120297824 19.07896065711975
11421.885206841864 0.39540482517966363 19.185813426971436
6383.305696919095 0.22097839607482148 19.109695434570312
8620.669405774213 0.2984318453209456 19.019165754318237
7824.131562415045 0.2708571585683807 19.0347580909729
10710.89428438712 0.3707916167375804 19.09318995475769
5664.143571312539 0.19608231548902116 19.1135413646698
9306.587558290921 0.3221770802162293 19.239635467529297
9360.225335353985 0.32403392218921134 19.246909141540527
3610.3542919694446 0.12498387803772566 19.05034351348877
11295.810136725195 0.39104033629221324 19.054630756378174
7122.067097609397 0.24655296780265273 19.004767894744873
10501.293506178074 0.36353562023924185 19.093212842941284
956.647841701284 0.033117402754128014 18.990569591522217
8365.602937240154 0.28960190958148546 19.100035190582275
10139.404828628525 0.3510076945343622 19.14746356010437
8391.750602048356 0.29050709402740776 19.096259832382202
8380.184109523427 0.29010668316073035 19.269408702850342
6493.443827562034 0.22479117719666286 19.105244636535645
8979.06861336995 0.31083897194300564 19.240358114242554
7932.425939024426 0.2746061122897439 18.99949073791504
11348.980689560995 0.39288100381495733 19.028245210647583
8907.946675547399 0.3083768602266036 19.129075527191162
5104.050570879132 0.17669291777487978 19.112619161605835
9590.171276013367 0.3319942310892459 19.104617595672607
3610.95744944131 0.12500475824886417 19.038669109344482
7363.081167215947 0.2548964351316303 19.425116777420044
8000.815781769808 0.27697364385962914 19.19499111175537
8854.664155899081 0.3065323166171078 19.060966730117798
8857.064664339181 0.3066154178392713 19.246434211730957
