506.88494589552283 0.01754743195089768 19.216856479644775
930.5460204235278 0.03221380532758237 19.30174231529236
639.6652964595705 0.022144045412799948 19.12823224067688
939.1471757544205 0.03251156163123683 19.324517488479614
456.61587269883603 0.01580720835914128 19.03448462486267
1420.8167104329914 0.0491860820545261 19.323654174804688
772.7168652433902 0.026750047954598614 19.079435348510742
1148.190489184577 0.03974825971609555 19.192197799682617
990.5813762643375 0.034292119804654395 19.06690788269043
918.7841840581968 0.03180663201357991 19.259315729141235
1027.0670154551044 0.035555186060752975 19.267866611480713
1218.1389816533774 0.04216974889545094 19.065426349639893
741.0247079422697 0.025652923295202672 19.20929789543152
275.5054556084797 0.00953749617844699 19.34761381149292
962.97637295397 0.033336484958886414 19.25462555885315
1470.3588447165675 0.05090114034750305 19.231403589248657
793.6112081343308 0.02747337198109885 19.21104598045349
870.3678903221153 0.030130548266118058 19.19128918647766
932.0860415510833 0.03226711804905407 19.298954486846924
887.8361361394636 0.030735267063280076 19.15955114364624
315.0700503690168 0.010907150258425261 19.212749481201172
918.3817403363064 0.03179270014623778 19.2794508934021
1007.4918668731116 0.034877530134190836 19.252848386764526
806.7867827308364 0.027929486333119504 19.279236316680908
1315.3158391187899 0.04553383438937658 19.288444757461548
842.0730554824695 0.029151032711491765 19.205716133117676
795.0719196829014 0.027523939149656496 19.333133935928345
911.0080708330497 0.03153743716223218 19.18321418762207
1125.5396185424179 0.038964127903856255 19.152084589004517
793.1148401754908 0.027456188628050236 19.23045778274536
702.9961699349806 0.024336444697291078 18.990401029586792
784.3320437246002 0.02715214424024876 19.174598217010498
708.7378127747215 0.024535209896045827 18.974549293518066
807.9919101526029 0.02797120564555291 18.97296905517578
979.74112671474 0.03391685014466035 19.068665027618408
570.2928042132407 0.019742496310160874 18.996713161468506
1377.6316681127064 0.04769109468599606 19.130199432373047
1509.6773086935282 0.05226227382885079 19.19645595550537
937.5845760339871 0.03245746728007721 19.242979049682617
892.1642613648437 0.03088509886136818 19.074748754501343
