3744.615999198053 0.12963177336443152 19.17407202720642
4396.603997270577 0.1522024082227367 18.984650373458862
3634.648536023218 0.12582490043893138 19.19397521018982
4883.399320880882 0.16905437410618926 19.060187816619873
5720.495140388142 0.19803310398981885 18.86385679244995
6348.735514457803 0.21978163943570309 19.042486429214478
3388.2076947498135 0.11729356817668193 19.199383020401
3763.9643245846964 0.13030157708583842 19.03424882888794
5442.303575335536 0.1884026196035643 19.26497793197632
5852.177568841726 0.20259170939155527 19.005284070968628
4945.67807533266 0.1712103509498071 19.06673789024353
8095.3634824440815 0.2802467127426762 19.11470651626587
1715.2676221681759 0.059379435355687064 19.173253297805786
2229.396777872462 0.07717764863218264 19.084104299545288
4617.31293588737 0.159842948966141 19.193756103515625
6845.597573117353 0.236982097318523 19.15707230567932
7237.026628007181 0.25053265698675026 18.970474243164062
2017.250853237696 0.06983354380852881 19.092494249343872
147.01681825052947 0.005089453996963622 19.129689693450928
4744.678269771859 0.1642521044309831 19.076870441436768
5980.798164121341 0.20704431971551274 19.16273546218872
1968.8467774689198 0.06815788302480184 19.06737756729126
2093.5151830827817 0.07247367575380322 19.223718643188477
2768.9799828310497 0.09585703464971426 19.227662086486816
5122.793629025575 0.17734176824881795 19.032199144363403
5486.751758624334 0.189941334607663 19.074708938598633
1520.464282468427 0.05263569917873319 19.034220695495605
2430.163409101777 0.08412782308110682 19.034892559051514
2376.1247524698265 0.08225710338890566 19.202024459838867
3033.6966362544335 0.10502104218205399 19.167743682861328
