53665.164044378325 1.857790060304111 20.112457513809204
42407.71910347417 1.4680778570890465 19.167736768722534
56310.38104088092 1.9493626461884324 19.13564109802246
55954.15382081829 1.937030709811701 19.179341316223145
78098.1350584589 2.7036149357507053 19.08786129951477
6662856.007034263 230.65591773593889 19.18568515777588
54386.04239002289 1.8827455532961657 19.22049903869629
59899.487539651804 2.073610964394923 19.142311096191406
61231.65364520624 2.1197281242628487 19.25326895713806
56282.51672081696 1.948398034269811 19.057733058929443
71604.6169903907 2.47882118848318 19.336761713027954
11148758.474728428 385.94967606833166 19.256502389907837
76017.17442297796 2.6315758755275103 19.164567708969116
67403.1944557624 2.333375606363734 19.818081855773926
52881.20070450101 1.8306506799183084 19.288158893585205
71626.51290014992 2.479579184927174 19.456557750701904
34390.07992317667 1.1905218178688175 19.22075653076172
67172.52302631782 2.325390182365703 19.127859830856323
54058.33389617177 1.8714008831848365 19.174702405929565
57116.80462741945 1.9772795593320718 19.336756467819214
16460.288283523638 0.5698251464876274 19.300886392593384
71132.91436918592 2.4624917044184533 19.066514253616333
38464.61645322526 1.3315748380293555 19.071383953094482
61932.20675072819 2.1439799945278426 19.145761728286743
72441.67583547579 2.507798638379779 18.977684020996094
77045.44889631588 2.667172861577006 19.174402236938477
87921.17297057435 3.0436705848870322 19.131628274917603
60472.294326812495 2.093440490207643 19.208335399627686
62084.752839545254 2.1492608617829623 19.20045804977417
63417.04231441161 2.195382292471364 19.113078355789185
50350.14864543313 1.7430302758595393 20.755592823028564
25457.250749594066 0.8812835709615151 19.519110202789307
45979.02244364284 1.5917098624288541 19.00576162338257
33422.54869410116 1.1570276521019174 18.946221828460693
25653.67769361008 0.8880835133574257 19.23999047279358
51530.26876745187 1.78388388120468 19.077421188354492
65357.49583909754 2.2625572528919173 19.080384492874146
50893.12619917141 1.7618271680384032 19.263052701950073
57230.86392102856 1.981228083961142 19.19402241706848
75649.31411270471 2.618841222793739 19.105077981948853
