12230.892426621635 0.4234111789919477 19.151671648025513
11928.757184935268 0.41295180820891336 19.191679000854492
11259.92306984542 0.38979799151734995 19.057710647583008
16676.902355992235 0.5773239304365849 19.06819176673889
13096.280252284836 0.453369326506335 19.14862060546875
12294.382341686636 0.4256090840060788 19.345101356506348
13049.084359013475 0.4517354907961861 19.184569120407104
7114.179255916271 0.2462799051156064 18.98018717765808
10802.088383974973 0.373948590070087 19.07894515991211
11626.67938363878 0.4024944259073694 19.0647189617157
35196853.37620262 1218.4508427518756 19.1447536945343
9707.86433743639 0.3360685501297624 19.159035682678223
10992.960440543946 0.38055623239817915 19.214365243911743
12422.766511444468 0.43005350970986045 19.14305019378662
10384.45413303515 0.35949085432931954 19.114588499069214
6814.743399519939 0.23591398212594156 19.115681409835815
10856.198832715861 0.3758217950741058 19.026965141296387
10753.765712906606 0.372275747368555 19.169966220855713
12744.69207786303 0.4411979854251607 18.97536611557007
11462.225441924296 0.3968013305123316 19.062694549560547
8741.954404057004 0.30263051066160196 18.93798804283142
11178.035117784515 0.3869631800319773 18.950759649276733
14585.10256325826 0.5049096383667097 19.125911474227905
13192.08306799503 0.4566858451818088 19.130292177200317
3247944.9713869095 112.4379286210234 18.924684286117554
14439.425314304885 0.49986655781459904 19.24363875389099
14097.086826839484 0.4880154240186261 19.1884286403656
11024.590602490585 0.3816512108915213 19.087937593460083
12454.166186413728 0.43114050916459856 19.245756149291992
14972.456872007344 0.5183191377584366 19.23229718208313
16225.13302250253 0.561684500421737 19.27269434928894
11211.15938449977 0.38810988170622496 19.001542806625366
13431.17069745902 0.46496262266808575 19.165598392486572
11316.117830031551 0.3917433515805119 19.00952959060669
7609.439192051068 0.2634249004398955 19.250264644622803
6766.076866943389 0.23422923556641528 19.200352430343628
13232.002168897074 0.4580677716175645 18.926002264022827
12967.72576059401 0.44891900456800704 18.990062713623047
13030.755763628986 0.4511009882668267 19.12282109260559
12546.309337592684 0.43433033693152395 19.29455256462097
