6884.1651323349215 0.47647843075516433 9.064184665679932
8352.540176748298 0.5781100772181289 8.770337581634521
5264.590812735958 0.3643817254234983 8.7938392162323
9298.961981158704 0.643615417013049 8.716933012008667
6484.636065533385 0.4488255521371722 8.852988719940186
8683.602465923177 0.6010241179181892 8.770907878875732
7852.001735190395 0.5434659676447064 8.902336597442627
5037.988279706566 0.34869772928635606 8.793245553970337
6109.791879562428 0.42288120506301063 9.00382113456726
7095.021035125712 0.4910725446013473 9.000319004058838
7940.364208236337 0.5495818599403196 8.766886234283447
6235.21798314387 0.43156240777407195 8.674522876739502
3709.1959323887713 0.25672711552585936 9.145362854003906
8109.009917811723 0.5612544508075314 9.129955053329468
7185.924691934371 0.4973643215871509 8.97471308708191
4760.354669474764 0.32948168429249175 8.959023475646973
5142.783141847234 0.3559509677697644 9.056288003921509
5636.704866807675 0.3901371100108372 8.836260795593262
6907.608477845555 0.47810103106556234 8.784101724624634
6496.523302254733 0.4496483115844142 8.76252555847168
9293.008274574066 0.6432033390462815 8.758192300796509
11211.364555180538 0.7759798446416176 9.029536962509155
5689.674856089521 0.3938033581157212 8.75252890586853
5694.075578872813 0.3941079483522515 8.860605239868164
7638.226924967021 0.5286698254615702 8.778813123703003
4838.312541836873 0.33487743584319724 8.82407546043396
8479.585760246031 0.5869033701005212 8.790776252746582
10964.40059171617 0.7588865588905441 8.684969902038574
4566.750774917891 0.31608164549428547 8.691785335540771
5975.84600481228 0.4136103176016821 8.806128740310669
