8283.164640616626 0.2867480461715284 19.216813802719116
7549.770476618782 0.2613592783847845 19.289636850357056
9935.275279028807 0.34394110198752664 19.299511432647705
7641.124484636821 0.26452178745537097 19.14261269569397
6215.844363183714 0.21518119025538918 19.32606053352356
4873.417111799587 0.16870880824160392 19.313374757766724
9806.877514362335 0.33949620565281347 19.16486668586731
7563.910942510236 0.2618487955128695 19.25324010848999
6389.0636699874885 0.2211777265962956 19.14054822921753
8235.08826911822 0.28508372991170355 19.223388195037842
7614.566955335438 0.2636024142485446 19.29138469696045
9053.143469743896 0.31340330831168184 19.17431926727295
7563.97063312633 0.26185086189308554 19.278449296951294
7532.280524402857 0.2607538081517099 19.34624433517456
4270.246954797301 0.147828157966795 19.294716596603394
4693.785932160448 0.1624903045624141 19.311758279800415
8333.234223943204 0.2884813637879763 19.03313422203064
7776.265908030793 0.26920013695056777 19.124431133270264
9420.582228358835 0.326123367696217 19.357746839523315
7499.795807484537 0.25962924652449226 19.030553579330444
6916.796509871259 0.23944687459743422 19.260651111602783
6591.59077856876 0.22818884555892982 19.23373031616211
8918.18942264188 0.30873144544182074 19.36793565750122
7518.979743157979 0.260293359373978 19.121042013168335
6262.113285147119 0.21678293591023365 19.10014271736145
7008.7104110000655 0.24262876614591927 19.101337432861328
8076.396081250627 0.2795900959217929 19.065008401870728
615.1083900281228 0.021293930119340027 19.279189109802246
7712.002719950397 0.2669754626355785 19.222475290298462
3714.0848658815958 0.1285748412369488 19.251948833465576
10670.021702687256 0.36937668253635103 19.215326070785522
7798.757831057068 0.2699787662863653 19.274045944213867
6180.983715029433 0.21397437822397106 19.116740703582764
6384.2650515548885 0.2210116071818482 19.2895667552948
6805.011091451161 0.23557706737843345 18.920363187789917
6982.923634131439 0.24173607498197913 19.064443349838257
3816.7438250728883 0.13212870708983307 19.00179362297058
8813.850662353449 0.30511942793996405 19.129903554916382
9114.692020939197 0.3155340068509091 19.23952889442444
6956.921418725513 0.2408359257289727 19.067200660705566
7001.588827173226 0.24238222990806885 19.290206909179688
9646.962659058161 0.3339602451471605 18.98810887336731
7562.2292295633815 0.26179057767914843 19.17697787284851
12676.118285545614 0.4388240858567311 18.99350643157959
34525.247237803414 1.1952010636712511 19.044461965560913
7254.301868932322 0.25113069430670604 19.050382137298584
6146.155975049827 0.21276870541351503 19.074617862701416
6943.081794403959 0.240356823187114 19.013232231140137
9847.72557057254 0.3409102908263407 19.04649043083191
5986.758880847599 0.20725066885249055 19.1355619430542
3941.9183747409843 0.13646202160246787 19.025451183319092
9241.983743539546 0.3199406140274074 19.019389867782593
5954.9787849388085 0.20615049991895223 19.035772562026978
6064.358798483387 0.20993703641012934 19.13511371612549
7998.222373159602 0.27688386478554744 18.98695945739746
2117.376241641585 0.07329970206357506 19.27365779876709
8750.075110715814 0.30291163470886856 18.899772882461548
7781.209467873443 0.2693712739721671 19.074752807617188
3612.608650495298 0.1250619198165271 19.157750129699707
8739.645839957986 0.30255059238476256 18.968664169311523
5202.98694512574 0.18011791452930845 19.1483097076416
7980.912789356429 0.27628463857781715 19.184594869613647
7742.295923958067 0.2680241580845233 19.11371946334839
8497.73976359563 0.2941762454094787 19.054924964904785
7158.0844129459 0.24779982154143312 19.114470958709717
7407.074849402066 0.2564194161368493 19.075700759887695
13019.86557613127 0.4507239898461869 19.090492010116577
5476.102751309052 0.1895726854048752 19.095065593719482
7164.4583759852685 0.24802047651175038 18.934014320373535
3851.5935181272216 0.13333513987567994 19.100878477096558
6150.839984396007 0.21293085727050942 19.19231152534485
6776.722818612121 0.23459777898829492 19.237755060195923
7315.523547403514 0.25325007710864544 19.003297328948975
6308.202170889359 0.2183784490396004 19.245533227920532
8442.382019986399 0.29225986133296583 19.01793384552002
7540.000734464265 0.2610210677375314 19.037414073944092
8056.678745058365 0.27890751771960265 19.21356225013733
2123809.5167984143 73.52241031117634 19.134007692337036
7617.6441370798275 0.2637089406658262 19.053155183792114
6990.808006406296 0.24200901756409543 19.167844533920288
9177.866004814394 0.3177209749037059 19.17256498336792
1011.2532291496173 0.03500774163311995 19.375608444213867
8479.918729587924 0.29355931372887334 19.087790727615356
2287.769089035224 0.07919839153693704 18.974463939666748
417830.0773165766 14.464514892620533 19.007352590560913
5426.367631434463 0.1878509463028641 19.160026788711548
9289.936470116023 0.32160064992564097 19.059752225875854
9147.947830898222 0.3166852623122387 19.067060232162476
7711.450045583304 0.26695633005741437 18.970959424972534
6011.617073141504 0.2081112141127744 19.04433012008667
8404.272805375513 0.2909405898582425 19.256187677383423
7302.602858090773 0.25280278642007814 19.017199516296387
8757.966565590817 0.3031848224776788 19.031830072402954
10777.949184387457 0.37311293502540477 19.081977128982544
8593.7685519699 0.29750058684626696 19.190359354019165
9593.204760773107 0.33209924479664965 19.171223640441895
6762.683783112094 0.23411177319528853 19.1263906955719
8854.44561190391 0.3065247510227563 19.104931592941284
9922.112345438916 0.34348542524408987 19.136486768722534
8047.586084256414 0.27859274639335435 19.18160390853882
