26801.329511695076 0.9278131252629277 19.653133869171143
25528.71550596133 0.883757550430419 19.435233116149902
39082.17692807643 1.352953654851129 19.14897346496582
12592.968878833577 0.4359456051130206 19.225918769836426
23371.233197094407 0.8090694494981198 19.17972755432129
30937.914243013598 1.0710141409366016 19.15712547302246
34155.03509226022 1.1823849946916567 19.21881103515625
21691.977009595837 0.7509366643032551 19.143365383148193
26941.544691329356 0.9326671189414508 19.06326699256897
22059.158724097535 0.7636478252895995 19.17949151992798
33253.008815215435 1.1511584908419499 19.093979597091675
29020.76490118308 1.0046459288050595 19.247292041778564
29575.142858148087 1.0238374821421479 19.03840947151184
25934.326692571398 0.8977990696216994 19.292824029922485
38598.93134022318 1.3362245743426415 19.219560623168945
36953.91962079471 1.2792772701489796 19.20635676383972
35174.192128534894 1.2176663517059454 19.316667795181274
16199.182909125928 0.5607861548459189 19.038164615631104
29502.019705979154 1.0213060920365442 19.10649871826172
27455.41148620844 0.9504562497648885 19.26516318321228
13288.100101562683 0.46000977968864004 19.188419342041016
26104.14431434637 0.9036778458337154 19.272502899169922
39064.468048009556 1.3523406057353162 19.24774932861328
29829.302907558624 1.0326360393054286 19.245583295822144
24518.1559887412 0.8487738238385325 19.24627375602722
34245.3618169697 1.1855119410885098 19.168479681015015
11093.759215005673 0.3840457020498693 19.065056085586548
46091.51386301173 1.5956041101125136 19.244133710861206
35754.79992307769 1.2377659341603047 19.14094042778015
29351.18515303731 1.0160844750305094 19.23772406578064
37549.48866323847 1.299894783706972 18.901095151901245
22445.009567281697 0.7770052774467329 19.132796049118042
25128.70634731278 0.8699099632255547 19.16572880744934
42788.93360241549 1.4812748074680921 19.124832153320312
49477.63388335984 1.7128254068106359 19.017118215560913
7514.892167723738 0.2601518549707455 19.188011169433594
15396.142909644637 0.5329863753124164 18.95864176750183
33635.15530908154 1.1643877051847484 19.03567600250244
27226.689753249288 0.9425383207017135 19.219805240631104
28817.81030840613 0.9976200111195701 19.106876134872437
