9142.237999480683 0.3164875983668766 19.16952872276306
11737.810743834823 0.40634159082406573 19.057030200958252
12449.015235188417 0.43096219263174357 19.21011734008789
11490.983171938919 0.3977968706533045 19.265732049942017
1664.7577590984292 0.05763087605787706 18.8072988986969
11735.053960625082 0.40624615601944586 19.193693161010742
14068.819825980812 0.4870368720256345 19.034112215042114
9141.47501011705 0.3164611850672787 19.15433168411255
7807.322520559188 0.27027526020956416 19.26767611503601
14773.562509987038 0.5114337778533351 19.087444067001343
15928.512746415101 0.5514160476849822 19.032548904418945
9655.109940620605 0.33424228916910165 19.07657217979431
5179.030069181696 0.17928857119649053 19.18120765686035
16387.60868828604 0.5673091115136604 19.077351331710815
10909.044990540016 0.3776512326334467 19.159016609191895
9148.798931370024 0.3167147258576315 18.827245235443115
8834.243893473875 0.30582540439131123 19.13584542274475
12146.914909665473 0.42050403058257796 19.04011344909668
11413.493746536318 0.39511432813517144 19.165120124816895
15396.080990555696 0.5329842317865365 19.081758499145508
9612.061923163477 0.33275204535131486 19.12574076652527
4378.913255857769 0.15158998703403137 19.267085075378418
10560.690475221723 0.365591834930214 19.105660915374756
10234.933796772268 0.3543147331067551 19.10873508453369
10296.248765432276 0.35643734544481154 19.153532028198242
13677.804310358595 0.4735006283322969 18.984325647354126
14995.00681540789 0.5190997756537258 19.195406913757324
9147.444602615666 0.31666784146730054 19.21036171913147
7376.499242857099 0.25536094442734264 19.107969999313354
9855.638023698702 0.34118420551629214 19.210447788238525
