5319.986083236989 0.1841682112109226 20.390140295028687
1378.48311822908 0.047720570335445966 20.47448444366455
3212.337408707477 0.11120525977158502 19.113906145095825
3430.5197235299274 0.1187583334093754 19.057751178741455
2280.583208209835 0.07894962945431491 18.972833156585693
3136.5166420987807 0.10858048317621692 18.994158506393433
3951.1041795234196 0.1367800174033675 19.11720895767212
1950.4453327096999 0.06752085858301231 19.17792558670044
3300.13477832824 0.11424464451039652 19.251695156097412
2435.5429596179165 0.08431405330430194 19.277125120162964
191.87003329675645 0.006642190461472618 19.003915309906006
3280.645277708769 0.11356995356002131 19.031242609024048
3446.6563736856915 0.1193169547943989 18.98983097076416
3087.114952518139 0.10687028682259635 19.172126531600952
2082.431495295372 0.07208997870620011 18.990365266799927
3183.5007797828875 0.11020698829431015 19.08762288093567
3104.4817202962004 0.10747149263519783 18.932004928588867
2058.146122533828 0.07124926341294457 19.090030670166016
2672.0064503639005 0.09249998789623619 19.06452989578247
3490.3843824253418 0.12083073866965613 19.024614810943604
2728.9416374173015 0.09447098018654008 19.21713948249817
3376.2950956281275 0.11688117573114026 18.97877526283264
750.5088101853617 0.025981245609908613 19.06255078315735
636.3388854046352 0.022028891131537824 19.1897451877594
1139.70574539667 0.0394545333676516 19.02686643600464
3826.5034962310456 0.13246656909756807 19.0527925491333
3370.1783810621127 0.11666942623358796 18.994774103164673
3238.0116518121213 0.11209405522194824 19.066934823989868
172.58956486172974 0.005974735823917065 19.024786710739136
2470.261029003188 0.08551592951889003 19.236877918243408
