7971.0532684727805 2.2010606960929513 2.0056262016296387
6505.819110923039 1.7964630593525925 1.9348764419555664
6237.241346540104 1.7223002177409397 1.9773492813110352
10552.918373596796 2.913995563556355 1.9006569385528564
12285.149944976089 3.3923196569825675 2.186906576156616
6706.514835884504 1.851881516262641 2.0914180278778076
6262.950398949964 1.729399302753576 2.1888585090637207
6114.768063750467 1.6884814587902301 2.0230541229248047
5748.9915865063085 1.587478968843038 2.0019736289978027
6914.961578602088 1.909440275083002 2.0450525283813477
8633.780958381249 2.384060836894857 2.062121629714966
6533.494527356757 1.8041051198568414 2.074537992477417
5160.602111577522 1.4250059676422 2.031359910964966
7230.724788884923 1.9966325153073412 1.9519739151000977
7103.279622515489 1.961440861562875 1.8996565341949463
3971.4489870789694 1.0966430630405886 1.9112019538879395
6909.238607470179 1.907859981187195 1.8722844123840332
5275.516274513851 1.4567374137816935 1.8779189586639404
4877.533785946551 1.3468418223441792 1.8731327056884766
7852.185366404941 2.168237497143401 1.8867814540863037
10300.93829588272 2.8444158698101645 1.8542499542236328
5933.071827649779 1.6383093635301174 1.895799160003662
3040068.4960961454 839.4593606159244 1.9173860549926758
8889.764522893413 2.4547460203601346 1.891770362854004
6958.712377354503 1.9215212586510697 1.8709795475006104
4997.4481420524535 1.3799539804533125 1.887434720993042
10411.542822484567 2.8749572886307093 2.0140581130981445
1689.6542538785143 0.46656714526144544 1.8863270282745361
5084.152357555926 1.403895765121229 1.86311936378479
7581.256009207922 2.093425306149432 1.889296054840088
10413.440208521788 2.8754812171118247 2.214104175567627
8364.744542573695 2.309771347073748 1.9472558498382568
7515.381612406985 2.075235295269583 1.9666557312011719
10087.22539330204 2.7854029571780554 2.1923117637634277
7276.8791850974085 2.009377208390375 1.9205586910247803
9656.415889620082 2.666442785401491 2.3884170055389404
7007.328713267634 1.9349457713926523 2.0195534229278564
6631.801449510152 1.8312507799368634 2.005021810531616
8347.6211132725 2.3050430249878504 1.898298978805542
7771.404437516932 2.1459313198314858 2.0744760036468506
7501.472975612211 2.0713946793868248 2.035910129547119
5753.687016764074 1.588775526103857 1.9554965496063232
8551.097888946417 2.361229418230884 1.967817783355713
4830.688828740735 1.333906443462232 2.0651793479919434
7708.817687535193 2.128649132541901 2.1592607498168945
7787.455432958319 2.1503635089047837 2.320216655731201
8646.011062899954 2.3874379567632817 1.886059045791626
9052.347651198565 2.499640380177764 1.9820122718811035
2733775.9654915053 754.8822755163678 1.9213523864746094
868.5391999938875 0.2398312282874552 1.9076998233795166
