12628.17778550752 1.7457377097133315 4.423329830169678
7434.244969991734 1.0277208642291564 4.075388193130493
7098.509546676418 0.9813083097875529 4.1169469356536865
8899.961269872147 1.2303436226273823 4.112751722335815
7997.347308515455 1.105564952543844 4.115906715393066
4693.101489602937 0.6487811927477062 4.107308387756348
7513.15625533124 1.0386296753719026 4.214612007141113
7862.0512447216315 1.0868614274151656 4.167240142822266
2793.917133785668 0.386235178274203 4.156731128692627
8823.999806913547 1.2198425992315913 4.0931174755096436
10451.779122569831 1.4448691852283237 4.134077310562134
10832.876973993029 1.4975527078727169 4.115443706512451
11111.552849775995 1.536077267267187 4.166956186294556
3976.430368989939 0.5497075320844516 4.17141056060791
14247.93962861062 1.9696559486143534 4.147751092910767
12154.300090381177 1.6802281661968084 4.083767414093018
6583.033210566384 0.9100481094881173 4.113650321960449
5882.9588560604025 0.8132688099705826 4.149167060852051
5146.2402198179625 0.7114237515162272 4.128419876098633
8364.097815998248 1.1562650774426224 4.1357831954956055
6520.762443234678 0.9014397078176483 4.143012285232544
9234.472957221908 1.2765870060248266 4.108313322067261
6533.104063178878 0.9031458313535606 4.121892213821411
7887.934077905957 1.0904395080132985 4.1107330322265625
6228.9229343981715 0.8610953885964858 4.121570110321045
7322.556767446687 1.0122809242611945 4.086226224899292
7440.46794924757 1.0285811379549623 4.135787010192871
7876.936046952964 1.0889191241785643 4.165465831756592
7229.283798274933 0.9993867330052771 4.1695497035980225
5965.013509872137 0.8246121649541505 4.180772542953491
