398.73768789693713 0.013803571207403621 19.19414782524109
505.061107234098 0.017484293984264584 19.16323447227478
242.27391791390255 0.008387080978624749 19.22356629371643
308.34176072571427 0.0106742291475937 19.169069528579712
425.5993161681108 0.014733471765696947 19.107548236846924
427.9461508560926 0.014814714900496722 19.304333448410034
251.676899490878 0.008712595043884698 19.155691862106323
343.3354028025642 0.011885645185946828 19.147271871566772
507.2660507853143 0.01756062510680795 19.34401226043701
417.77389543363824 0.014462569978344195 19.191126585006714
411.1557634100318 0.014233462323309933 19.22138023376465
170.54970253864303 0.005904119512279865 19.2159104347229
597.7913944623433 0.020694447329912016 19.088496446609497
383.8018748690374 0.013286520612666839 19.091810703277588
558.3691584751941 0.019329721450916763 19.126094341278076
400.1442404203117 0.013852263489329006 19.150166273117065
387.1456881291233 0.013402277326518745 19.33100152015686
404.8843981549144 0.014016359101080723 19.30993413925171
500.39188300119713 0.017322653960914595 18.995392560958862
396.799429286737 0.013736472230917665 19.210925817489624
525.6283635646105 0.018196294870853797 19.138449668884277
613.907800488174 0.021252367900095197 19.36752438545227
455.1779765342362 0.01575743101754713 19.180941581726074
403.74708302738145 0.013976987326541528 19.087209701538086
433.7957121580839 0.015017216039503626 19.195466995239258
94014.93470301386 3.254625497221333 19.080991506576538
337.45101854763925 0.011681938539848264 19.144444942474365
605.91537296772 0.02097568464253688 19.18880271911621
469.6679242691025 0.016259046569376986 19.048567295074463
613.8936170907691 0.021251876896756453 18.995606422424316
442.62021561479196 0.01532270424774677 19.124653339385986
531.1490331925452 0.018387410380209523 19.09232997894287
373.0993369524367 0.01291601827813477 19.23396110534668
362.1927677341737 0.012538452752220193 19.15990114212036
593.5716206547804 0.020548366460207804 18.944060564041138
45.92344960430637 0.0015897860321307338 19.210264682769775
754.2774148480967 0.026111707827034328 19.043718814849854
408.96108820289373 0.014157486672102657 19.03913712501526
94397.71400238853 3.2678766181362033 19.169453144073486
345.23240158939734 0.01195131582263161 18.947295665740967
