3667.4612021259964 0.12696081506853002 19.187766313552856
2584.1131188296713 0.08945728113107519 19.240933179855347
2149.82644175319 0.07442306878192453 19.403064966201782
3254.037315628957 0.11264883446242673 19.192201852798462
3861.2767748236656 0.13367035655417833 19.485981702804565
2802.022674480919 0.09700091234404232 19.262369394302368
3678.476209623739 0.12734213452982077 19.113213300704956
3287.9292624257505 0.11382211182036735 19.093228340148926
5071.805496927816 0.17557665214992083 19.094809770584106
3237.4105359367095 0.1120732456871538 19.123634338378906
2424.1924499911256 0.08392111937146983 19.16703963279724
2852.701058073435 0.0987553055148635 18.997066974639893
3339.4041370428167 0.11560407805715933 18.993463039398193
3645.1119428402744 0.12618712449112232 19.114925384521484
3596.792336740531 0.1245143878932116 19.110827684402466
3952.4399004587904 0.13682625762495743 19.029917001724243
5537.067279379815 0.1916831661291554 19.134376049041748
3241.2115111337043 0.11220482851311143 19.294769525527954
1249.1433512773365 0.04324306360041959 19.121193170547485
4191.353834846523 0.14509702210462314 19.08312487602234
3653.7608832255937 0.1264865350261711 19.343554735183716
3306.330607529264 0.11445913281225815 19.169129133224487
5400.318196028937 0.1869491623796304 19.105525732040405
3769.2433471353725 0.13048432721429526 19.3519766330719
3242.2445227750577 0.11224058949127406 19.253278970718384
3978.315584144555 0.1377220265806851 19.17241930961609
3623.406971984543 0.12543573800357477 19.14408588409424
7488.484879144467 0.25923768282358534 19.23688578605652
4099.639137397986 0.14192202662407657 19.076132774353027
3923.1138869146816 0.13581104454509924 19.30515456199646
3938.7515429533087 0.13635239166426563 19.28334403038025
3400.274312745314 0.11771129247460806 19.1215763092041
5460.460454640444 0.18903117763556632 19.21766495704651
3650.0210095443763 0.1263570674232022 19.012660026550293
3597.661360546481 0.12454447191172922 19.088772296905518
4287.539237553254 0.14842678524383845 19.222790718078613
3048.4438681746833 0.10553156444293413 18.98976993560791
2732.531913323328 0.09459526898749203 19.16562056541443
4591.584609043784 0.1589522812354183 19.018871545791626
2524.292469230015 0.08738639939231306 19.07952070236206
