2918.4595332375466 2.4268521027778394 1.3287765979766846
2599.588110075798 2.1616937975134904 1.066573143005371
2147.9717290269327 1.7861511005820305 1.092423915863037
2058.8415228834056 1.712034661502786 1.0536541938781738
3391.437541515712 2.820158112638526 1.053354263305664
3100.5420458191074 2.57826325770567 1.0808985233306885
2652.554468994771 2.2057381017277757 1.0706305503845215
2306.686035918814 1.9181303673955061 1.0758898258209229
2786.522001822712 2.3171391285519443 1.0575616359710693
96314.39915786101 80.09047220358151 1.0624148845672607
3024.182746631486 2.514766497277902 1.0539400577545166
1784.2040469921194 1.4836592023683606 1.0396807193756104
552786.8512484995 459.67124678688094 1.0583112239837646
2696.916389382546 2.242627364213764 1.0603148937225342
2695.5058455598773 2.241454423077141 1.0456528663635254
2492.331983340002 2.0725047052063514 1.084564447402954
2779.3730917768407 2.3111944350656017 1.0541648864746094
2777.791151768208 2.309878969014866 1.0695176124572754
2716.3421869660087 2.2587809333061766 1.0664126873016357
2412.631637411934 2.0062296892587828 1.0771572589874268
2933.084093338897 2.4390131911979323 1.1044681072235107
2755.1984978835826 2.29109199288489 1.0484087467193604
2847.4828708467685 2.367831287032579 1.0782496929168701
3000.137084578164 2.494771268681377 1.0731475353240967
3503.1753627828584 2.913073968902316 1.0821824073791504
2807.9970975243486 2.334996796464529 1.0587472915649414
2935.151959218754 2.440732730085362 1.083409070968628
2967.6861048404244 2.467786577779609 1.086005449295044
2438.0587169899954 2.027373638948249 1.055537223815918
2538.5667239883187 2.1109513159219997 1.0658819675445557
2597.3005887838226 2.1597916036353997 1.0740752220153809
2847.8943339137186 2.368173440143791 1.0629823207855225
2772.0643832612113 2.3051168607741848 1.0786371231079102
1674.546469040797 1.392473177478897 1.0517802238464355
2781.540266229422 2.312996554237526 1.0552747249603271
3597.752538108951 2.991719848415436 1.0673487186431885
4752.0599845854595 3.9515870049855386 1.0442357063293457
1048.7747704282228 0.8721112038619148 1.0785932540893555
3111.1365986886667 2.5870731838385015 1.096996545791626
2769.008076484053 2.3025753814614145 1.0632693767547607
2723.3812110566214 2.264634250859926 1.049241065979004
2839.857585806385 2.361490462764234 1.0438587665557861
2641.3826809679013 2.1964481742999586 1.0559756755828857
3010.161077121331 2.5031067439910615 1.0544159412384033
3158.4222745641455 2.626393702291048 1.0479638576507568
2764.1077732631093 2.298500522433712 1.050795078277588
2965.248700880562 2.465759748605538 1.046212911605835
3109.142836830928 2.5854152663303824 1.0509686470031738
2974.98427576416 2.4738553895109305 1.0784008502960205
2904.769744626101 2.4154683258572067 1.0492708683013916
2665.5537173794437 2.2165476582481216 1.0568559169769287
2120.062566551831 1.7629431688399269 1.0831260681152344
2724.490673448847 2.2655568270028743 1.066016435623169
2543.27794474212 2.114868942965582 1.1216709613800049
2346.6988108257065 1.9514030874092207 1.0686547756195068
2893.6222962096945 2.4061986380914995 1.0902843475341797
2718.5684107925917 2.26063215512826 1.0440175533294678
1894.501105858566 1.5753769891636793 1.0455021858215332
3051.2229435533663 2.537251838606789 1.0692634582519531
2573.2203720685793 2.1397676410259523 1.0691800117492676
