1680.3471552967167 5.647086823822814 0.7201769351959229
1523.5260848487378 5.120063465683351 0.23839735984802246
1020.5985971317605 3.42989177689125 0.2979156970977783
1390.809676811179 4.674047845178045 0.29228663444519043
1798.461357364853 6.044029296158264 0.2308821678161621
809.0759465462688 2.719034636867418 0.2939424514770508
1781.8913243564748 5.988342937076471 0.29259204864501953
1428.569515824107 4.800946080871444 0.23936867713928223
1892.3872574278903 6.359682946054209 0.285722017288208
1609.4256653083794 5.408743330112849 0.2995622158050537
1430.5872717015336 4.80772708597101 0.23543715476989746
1346.7971609516826 4.526136446268593 0.23166847229003906
1534.212351260605 5.155976445962511 0.29421210289001465
1535.573884861402 5.160552106672274 0.23955583572387695
5513.00168155838 18.5273614785535 0.24351763725280762
1106.281982049266 3.717845080149435 0.24543023109436035
1239.694328362093 4.1661995172808615 0.23344993591308594
1589.4761317621342 5.341699595920602 0.26425862312316895
1764.7729954516944 5.930813938203032 0.28517985343933105
1797.8321226916632 6.041914648110174 0.29560375213623047
1841.5076715521354 6.18869361322804 0.29691052436828613
1210.0969980135633 4.066732753103788 0.2559387683868408
2019.621230670975 6.787273930202228 0.23386931419372559
2291.935108106187 7.702430125373662 0.23107671737670898
1933.1699952583112 6.496740137311169 0.2971208095550537
1750.3901375380592 5.882477945752316 0.23808860778808594
2075.289366326866 6.974355983085314 0.23394417762756348
1297.7103861006071 4.3611721538533645 0.29615306854248047
1148.2658969375516 3.858939027213172 0.29659008979797363
1360.4879340083899 4.572146572148104 0.23158788681030273
2359.1626706887328 7.928359560050856 0.777538537979126
2136.344320818076 7.179541338950384 0.23302793502807617
1648.0782499005109 5.538641786196098 0.29674577713012695
1468.8765091159403 4.936404453273089 0.23159217834472656
1931.9477378704178 6.492632537540052 0.23126864433288574
2118.082163477251 7.118168313877036 0.2912170886993408
1753.5716044754736 5.893169795925103 0.23153018951416016
1552.3802317474547 5.217032637946816 0.2967703342437744
1508.0405817620049 5.068021850255427 0.2947354316711426
1782.1752766116078 5.989297205980669 0.23978376388549805
1392.3703180641605 4.679292640355426 0.25204920768737793
2552.21642156069 8.577148882782263 0.2829732894897461
2076.5238983730087 6.978504833892353 0.2646059989929199
2208.0459140391577 7.420506499661103 0.2668471336364746
1683.3446365726995 5.657160359499596 0.2568490505218506
1551.5376039755647 5.214200846805904 0.3207075595855713
2504991.1855066717 8418.440601917837 0.336622953414917
1514.827516829413 5.090830477313527 0.24614953994750977
1610.3273752759378 5.411773676824633 0.23604345321655273
1121.6251323037577 3.7694082951463828 0.25095295906066895
1572.6916872634974 5.285292671271331 0.29723358154296875
1492.436086257756 5.015580340965708 0.30948972702026367
2287.300398964413 7.686854412435855 0.23844385147094727
1659.2990174878032 5.576351046806705 0.34646010398864746
1185.1118649555137 3.9827660470342576 0.277618408203125
890.245676832481 2.991819051056866 0.3232450485229492
1783.0303692491907 5.992170887381337 0.3208291530609131
1035.3536189136212 3.4794784880818024 0.3254661560058594
1895.443892521911 6.369955278000776 0.31217145919799805
1925.5677509887464 6.471191527721287 0.23109841346740723
1693.9776776343679 5.692894467113751 0.23532652854919434
2162.9066082058125 7.268808335145223 0.24346566200256348
1806.0302796070828 6.069465921518628 0.29413366317749023
2118.4990079849085 7.119569189356461 0.2846105098724365
1677.3195053782947 5.636911901392307 0.2355186939239502
1543.4892282108558 5.18715293793136 0.26113438606262207
2053.037739286545 6.899575679817667 0.29633569717407227
1590.0294033012615 5.3435589571893445 0.24431395530700684
1718.9395658380781 5.776783054974049 0.25379443168640137
1720.346618080508 5.781511688669539 0.2390451431274414
2172.1466067373512 7.299860891038282 0.23232078552246094
1700.4808155844148 5.714749346634005 0.25874757766723633
1398.6602951629393 4.700431157289082 0.23790335655212402
1209.4211429759816 4.06446142954692 0.23116159439086914
1454.2344804108543 4.887197474159343 0.2316579818725586
1618.5998666945816 5.439574763726918 0.23636722564697266
1837.2126763993656 6.174259565799723 0.23786664009094238
243604.15974952793 818.6724013628442 0.29979991912841797
1294.3530588902759 4.349889295907635 0.23190522193908691
1389.4220417581782 4.66938446618557 0.23206663131713867
1982.7557155296163 6.663381219013363 0.29614901542663574
1489.5247635577434 5.0057963555509595 0.29740405082702637
830.9432685919382 2.792523419115265 0.2595818042755127
1819.5579584745647 6.114927942178265 0.23517608642578125
1588.9415798897826 5.33990314521368 0.29440879821777344
1374.8767887364374 4.620502717893659 0.2574119567871094
1777.0745104064117 5.9721552305632875 0.23404574394226074
2435.181579772576 8.183833780657936 0.23222875595092773
1637.3090504195134 5.502450095508514 0.23929572105407715
1275.633959044455 4.286980639348215 0.23479580879211426
