2274.122256313727 3.7891301736403467 0.5741250514984131
2603.8178654509393 4.338467210042054 0.4584798812866211
2185.0717850950896 3.640754761309445 0.45352602005004883
3192.0511173062405 5.3185782650019835 0.4609336853027344
2291.144723829224 3.8174929167223017 0.5201082229614258
2820.2591844162234 4.699100562201082 0.5590701103210449
2090.913420582234 3.483868604865678 0.4597911834716797
8439.660176786594 14.062116028436266 0.461010217666626
1959.767999276657 3.2653548149301983 0.469829797744751
2312.221788895382 3.8526114082599627 0.5145020484924316
2003.3068192376668 3.3378989606905822 0.4613926410675049
1708.7449386950175 2.847101552385187 0.5088329315185547
2186.7777733706025 3.643597269724582 0.5121660232543945
1933.728890740109 3.2219685934653666 0.5113747119903564
2080.135067660929 3.4659097716662433 0.4603610038757324
2038.8645915612142 3.3971451281490483 0.45998549461364746
2446.5546750298745 4.076436134811594 0.45842909812927246
2007.2937392781532 3.344541945245769 0.5528721809387207
2123.535093172046 3.538222658866731 0.5123517513275146
1843.5643033789966 3.0717368468583843 0.4617748260498047
2129.705026621312 3.5485029685277705 0.5210740566253662
2426.5080835415865 4.043034612762361 0.4612162113189697
2683.976749239344 4.472027507605085 0.46098923683166504
1989.7168568079287 3.315255438972172 0.45774245262145996
1304.9366234140616 2.174278326830834 0.4613609313964844
1642.283758852711 2.736364294870971 0.5241255760192871
2177.3608037416416 3.627906765985707 0.5574648380279541
2278.8545654415284 3.7970151214514694 0.45678138732910156
2295.555664369458 3.8248424019352156 0.46034789085388184
2423.028303925843 4.037236622833269 0.45941710472106934
1804.986476930506 3.007458681591059 0.45794224739074707
2410.6541560311744 4.016618884701292 0.4644041061401367
1836.3182247867953 3.059663469994827 0.5164034366607666
1795.6491206573337 2.991900829193951 0.4609379768371582
2048.7307319631 3.413584037794458 0.5062308311462402
1276.6028912605543 2.127068815936408 0.4640378952026367
1901.4911925237611 3.1682543154835487 0.5236105918884277
2373.631850166006 3.9549325193961815 0.5093381404876709
2760787.8713134676 4600.009782750666 0.49965810775756836
2141.8353196471 3.56871439699935 0.5184433460235596
2074.4833127805323 3.4564928483271946 0.5085716247558594
1975.436718073266 3.2914619492364934 0.5040562152862549
1755.9904958872648 2.9258218436230816 0.5249974727630615
2050.5492308745524 3.416614010821188 0.4525322914123535
3012.3987005859526 5.019242382301602 0.47507333755493164
1571.8583703139666 2.619021894319887 0.45978689193725586
2433.4935866331507 4.054673820139545 0.46474647521972656
2421.857134682272 4.035285226989473 0.500823974609375
2181.0886162101015 3.6341180269092117 0.5226700305938721
1735.7681180078725 2.892127427242069 0.4650897979736328
1987.7720717038246 3.3120150485759448 0.5123977661132812
409.89600254994 0.6829664970757285 0.46524763107299805
2035.097267832236 3.3908680337774895 0.4536607265472412
2018.4255154308921 3.3630896503172303 0.45895934104919434
2283.446294497975 3.8046658355098977 0.5215890407562256
2120.1791071973857 3.5326309332312276 0.4582328796386719
1527.0432048474977 2.544351108598393 0.5148983001708984
2205.9867296166994 3.6756031284747643 0.4561941623687744
1694.2917534111039 2.8230197334273686 0.5129215717315674
899.4044722950493 1.4985828553493998 0.45935702323913574
