3001.2349505841266 1.2509471819771532 2.3323919773101807
4003.9818712372507 1.668902941949612 2.7843360900878906
4149.879485630954 1.72971464532774 2.466459035873413
3215.872460851795 1.3404104172908944 2.6501970291137695
4110.331606563443 1.7132306616719293 2.2581114768981934
2238.666839720856 0.9331005471562481 2.2552645206451416
4549.2135603758215 1.896161405976159 2.257143497467041
4018.9498420565506 1.6751417540468372 2.2761952877044678
4377.1389805705985 1.8244388603436184 2.306321144104004
3904.749473055912 1.6275418053143011 2.260996103286743
3847.7255818542035 1.6037736308199098 2.27087140083313
3648.1395969216246 1.520584034029112 2.2918758392333984
5563.789700259891 2.319047712442174 2.2649271488189697
4654.864007889002 1.9401976549760966 2.2671873569488525
3924.5655144313932 1.6358013456451164 2.281273603439331
4068.274358748604 1.6957007459865718 2.2701618671417236
3818.518357074732 1.5915997436924987 2.3508591651916504
4713.346377613023 1.964573739090195 2.3048834800720215
3594.2570925228356 1.498125223524317 2.2673699855804443
5067.112548898236 2.1120273048171807 2.246579647064209
4171.606259348104 1.7387705995607246 2.2714974880218506
3512.6167260330694 1.464096635933706 2.3039026260375977
7203.948942450981 3.0026838208426168 2.2773754596710205
4149.408247075655 1.7295182280020402 2.267209768295288
4045.695418023737 1.6862895993296587 2.2874679565429688
3828.492912341375 1.5957572461898804 2.2848281860351562
4292.235163165868 1.7890500311215412 2.2632639408111572
4133.621480625938 1.7229381330318143 2.27001953125
4756.749262124766 1.982664530702187 2.3004889488220215
3556.476438092708 1.482377838207675 2.2755637168884277
