1188820.8505681157 0.5450750704839451 219.8877992630005
1020530.8137688637 0.4679139880329925 212.38770127296448
1428023.5863867104 0.6547496678162221 183.46802949905396
1087870.2947416604 0.49878918030444264 182.39718103408813
1163346.983834803 0.5333952873622717 184.15284061431885
1355293.0495773554 0.6214026732217469 182.14328575134277
1494558.9198572934 0.6852561579773087 192.2046720981598
865895.8463637233 0.3970137630601886 183.8229956626892
1419788.919503957 0.6509740681290332 184.05687165260315
1362987.8827483356 0.6249307588294564 184.47195029258728
1252618.6666033566 0.5743264072648508 214.2689917087555
1237158.4339247048 0.5672378813418851 214.47974848747253
1254999.1687411666 0.5754178689177432 187.77756214141846
1200237.33248353 0.55030953426522 201.5390064716339
1441528.5505200326 0.6609417019425886 216.2012209892273
1189016.299584359 0.5451646839747027 199.25907492637634
1030137.6829926074 0.4723187433136218 206.63385343551636
1079148.88365826 0.49479040811035463 187.4354691505432
1185474.1444438994 0.543540603725834 211.081050157547
919928.2169985771 0.421787637288701 185.21099996566772
1509491.5399922132 0.6921027732336459 192.33792090415955
1057193.066971749 0.4847236530377014 212.52768778800964
1797988.3248824477 0.8243787215258449 216.38723945617676
1399291.7681275904 0.641576111972852 196.29732465744019
1081860.7106268704 0.4960337823961851 183.9576199054718
970694.4079694748 0.4450639661892581 196.39683651924133
1666939.0647577345 0.7642925574371086 187.7920126914978
1335095.499940902 0.6121420846423729 203.12986183166504
1132058.8636435866 0.5190496655552623 188.97722029685974
1140815.3556478024 0.5230645223725102 209.75869822502136
