1231639.3848672397 4.789056467570191 15.157444715499878
1192711.5768743232 4.637691162979104 14.491946935653687
1337186.0002657622 5.199459632096244 14.494678735733032
692955.9315051064 2.6944616470456353 14.621349811553955
1167054.3297133483 4.537926567135526 14.58968734741211
1041398.2330366373 4.049330513880787 14.436253547668457
585744.9158029146 2.277586696104784 14.558164119720459
1361233.8337800056 5.2929662494044045 14.5755774974823
1422657.2022001706 5.53180237579561 14.587803602218628
1396218.8798443154 5.429000678946931 14.564312219619751
1010012.6757546924 3.927292190053074 14.524803400039673
1453582.1243239567 5.652049584618008 14.563168287277222
1249815.3245768882 4.859731051941362 14.469550132751465
1298875.1969009228 5.050493463194484 14.495744466781616
470471.20146556944 1.8293610758696792 14.570197343826294
1098104.8387212195 4.269826171980397 14.556486368179321
924014.7094761841 3.592901197312641 14.543875455856323
1206954.0148208179 4.69307087915226 14.492762565612793
1319610.5418996029 5.131119934946954 14.533460140228271
1130422.3335778005 4.395488203951921 14.592746019363403
1743041.3045985214 6.77757088283542 16.218883275985718
965009.2989214063 3.75230289080362 15.63808560371399
1164514.2008117028 4.528049633274566 15.651220560073853
482974.63263778016 1.8779789088635055 15.084581851959229
1461707.875258118 5.683645423906068 14.759049654006958
1115508.8052505925 4.33749904724969 14.951552629470825
747379.2388233021 2.9060790206869136 15.148855686187744
964095.1959934607 3.7487485301742915 15.074567556381226
1084106.0675462298 4.215393919766535 15.196202754974365
1654854.222511474 6.434667821262213 15.119890213012695
