1675193.8840446025 3.233263785228676 33.34711146354675
1259971.2418190092 2.4318494864410205 32.00843930244446
1985809.1271611974 3.8327770871063636 32.172627449035645
951511.5466934815 1.836496571801623 32.204923152923584
1016414.4717112929 1.9617646252575265 32.582265853881836
1601643.4828560352 3.091305382194235 32.31696343421936
1138263.575199619 2.1969435483205575 32.46802639961243
1057685.32723587 2.0414208154000324 32.247288942337036
1047252.0856398493 2.021283789748107 32.430827617645264
88347.24644239992 0.1705175473523154 32.51580476760864
804487.4116334617 1.5527277400432362 32.418758153915405
1180590.3953549862 2.2786378381909427 32.28066563606262
1182251.460241884 2.28184383183435 32.267152547836304
1175485.5928619504 2.268785144011074 32.43914008140564
1246960.5951528698 2.4067378542361157 32.55031204223633
1250794.5947821587 2.4141377929966548 32.24405097961426
1197678.4279627502 2.311619165019867 32.62815833091736
1854755.7301647216 3.579833110605659 32.373215436935425
1364149.1712965146 2.632921571175755 32.4756965637207
1394111.275448814 2.690750928844482 32.26554298400879
1318278.2203701884 2.5443868135953345 34.229146003723145
471139.7666552812 0.9093390083479141 33.05677080154419
1202042.8932565153 2.3200429467150023 33.30024576187134
1571741.2963661253 3.033591670606684 32.42858815193176
1388920.7761905491 2.68073283276686 34.14839434623718
1583642.219907552 3.056561444710901 33.904330015182495
1233095.700071454 2.379977451407697 33.37603831291199
830948.0490655825 1.6037989751750046 32.90961146354675
1348246.4012824968 2.6022278999172372 33.233558177948
78997.19504710287 0.15247116904686792 34.05956244468689
