1234033.0300765634 1.1710131340722862 73.12851524353027
1816282.90858306 1.7235285355448042 72.07748579978943
1176769.191121906 1.1166736586377077 71.91976428031921
1218028.2280667871 1.1558256691463986 72.07869410514832
1850071.4765769541 1.7555915808102052 71.93467140197754
1177116.8985375017 1.1170036092472562 72.15237736701965
1260985.3188805282 1.1965890168999882 71.82298517227173
1224050.5990988612 1.1615404882840823 72.0757646560669
1250045.2531917244 1.1862076411207612 72.05932998657227
1724841.5494059175 1.6367569257223251 72.13361048698425
1256865.8493630588 1.1926799214440362 72.48204231262207
1257753.1501333266 1.1935219093248561 72.72719168663025
1536211.7165484428 1.4577600866018534 73.14735674858093
1356854.5674799085 1.2875623916212064 72.59560537338257
1987270.7626565397 1.8857843407029995 72.91644215583801
1230426.0939931273 1.1675903978695115 72.4427809715271
1147989.3854061365 1.0893635869720215 72.87522196769714
882877.0472821891 0.8377900695852998 72.87502527236938
835280.4255363494 0.7926241235827111 73.0438482761383
1818026.0635138303 1.7251826706197206 72.63131785392761
1818663.1040762365 1.7257871786412509 72.38278865814209
106972.92172794044 0.10151000279606207 72.36429572105408
1159043.5334457457 1.0998532191170853 71.5923023223877
1314220.2033750266 1.2471052894911774 72.30591034889221
1312432.4095731974 1.2454087951738209 72.28477573394775
1309296.3706284165 1.242432908221206 72.2257730960846
1303419.211082369 1.2368558848744056 72.50714325904846
1320393.3558610082 1.2529631899391636 72.31164956092834
1212750.327153176 1.1508173013478582 71.72343802452087
1433892.7021466792 1.3606663242717132 72.5202202796936
