25672.289468977426 5.619130364231947 6.2755255699157715
51597.64471605135 11.29365156532589 6.013599872589111
49087.98939397588 10.744340198255506 6.072610855102539
48153.31977525016 10.539760453178488 6.103516101837158
43840.22028335073 9.595712656110283 6.026219367980957
4041.3122887881473 0.8845592295425966 6.040614366531372
41501.967394297884 9.08391771768038 6.113997936248779
39213.918198137544 8.583111323745886 6.086569309234619
51073.02643742954 11.178823532454214 6.090210676193237
33862.64647272846 7.41182921134067 6.083362579345703
47282.302366324 10.349112853314598 6.018355369567871
37466.72396393365 8.200686835057805 6.05486273765564
32209.526373178232 7.049995594657209 6.019843101501465
50215.288783363125 10.99108259480493 6.137913703918457
46051.076284746 10.079623064778614 6.061033248901367
30097.552112374804 6.587728342969447 6.017602920532227
41985.00731356698 9.189645112223086 6.048051595687866
49964.60255922272 10.936212592826173 6.127442121505737
48219.1448867906 10.554168201401835 6.0575456619262695
39747.907059436664 8.699990382324337 6.084328889846802
31872.445438639494 6.976215586966069 6.004593133926392
20276.043182019086 4.4380042554537225 6.020150661468506
43920.75438254571 9.613339895889167 6.0163514614105225
113795.26443862636 24.90741725569827 6.016918897628784
41213.3808972027 9.020752134007196 6.101730108261108
40864.40914152807 8.944369472813687 6.052779912948608
52034.17974327272 11.389200005969432 6.078016042709351
14102.878879486001 3.086826947419962 6.103607416152954
42125.14017968316 9.220317282851726 6.060390949249268
36372.32396744611 7.961145431541393 6.078380107879639
48008.13851989823 10.507983295116636 6.158602237701416
42701.22986807133 9.346411337083024 6.021574974060059
31006.02952613996 6.786575158991657 6.050429582595825
46530.82355531666 10.184629766984843 6.142548561096191
33152.385717365425 7.256367900349862 6.080549955368042
37392.38027013611 8.18441454630414 6.098501443862915
42817.29220769461 9.371814969957649 6.102479934692383
39421.1853417214 8.628477791798026 6.0944695472717285
23294.450902887154 5.098670944198312 6.0470051765441895
37193.545823158 8.140893820199048 6.039738178253174
31272.637883353338 6.844930184833277 6.077552080154419
47039.15762110596 10.29589352426297 6.0397584438323975
38664.09979131777 8.462767506794618 6.053754091262817
45837.47070599621 10.032869245062898 6.008533000946045
31045.634328813816 6.795243826799529 6.101956605911255
51859.299461896415 11.350922348638772 6.071221590042114
47028.48101184261 10.29355663649255 6.020984888076782
39005.55581690511 8.537505130945604 6.057196855545044
43274.49719609122 9.471887635314676 6.002322435379028
47576.4871286776 10.413503780848858 6.06363582611084
26957.37105925358 5.900408003811471 6.047081232070923
41766.42318681575 9.141801591868145 6.037037134170532
51167.2481968652 11.19944671645407 6.021484375
4840011.009768665 1059.3777723281228 6.323119163513184
47290.4428342809 10.350894632486686 6.045531988143921
45284.93396854686 9.911930442058702 6.0506250858306885
45556.54089936544 9.97137955172782 6.089729070663452
40252.682627645554 8.810475258473483 6.057305574417114
26958.69509357965 5.900697807394976 6.101137161254883
57261.02298429294 12.533247310366983 5.999353647232056
