34450.307763003046 1.8831293757360563 29.057395219802856
49020.615331082605 2.6795743417350546 28.621769189834595
43937.03574662376 2.401694732785168 28.743104934692383
47760.75231819926 2.6107074664291736 28.785951614379883
36212.07827877626 1.9794316158896577 28.714070320129395
16710.944421600783 0.9134568710705143 28.826149940490723
32877.23811861011 1.797141939054394 28.625467777252197
53059.63503977121 2.9003560170377254 28.5294771194458
45867.04391883849 2.5071932122040175 28.826426029205322
46940.11120269797 2.5658494232973528 28.505285024642944
54179.993322964525 2.961597257869143 30.08895254135132
47464.40440710215 2.5945084396842137 28.841260194778442
46493.285003644414 2.541424923316837 28.635440349578857
39911.31873634411 2.181640212151849 28.731693267822266
50247.92653691769 2.7466618638778937 28.57576870918274
29984.049586033216 1.6389939087749883 28.64797353744507
23897.107116894098 1.3062682840605098 28.730648279190063
46459.69242920168 2.539588679525493 28.72205901145935
39447.489591542166 2.156286293867348 28.699724912643433
40363.48853622703 2.206356805072817 28.80191421508789
40805.4424740104 2.2305149765668864 29.111304998397827
49991.353481814964 2.732637017992332 28.879190921783447
56816.4456708848 3.1057115252438097 28.790756225585938
44202.89037480205 2.4162269298105765 28.930158615112305
36922.89116332284 2.018286207051797 28.77995467185974
46085.44755028281 2.51913163368256 28.643896341323853
42193.87364301039 2.30640966925057 28.721621990203857
48796.56886786036 2.6673274706961645 28.71074104309082
18056.80349859991 0.9870244798400316 29.02297878265381
43673.5411852675 2.387291542188144 28.859891414642334
