42230.5521692629 4.618424700239711 13.348828077316284
41528.8035137651 4.541679946561829 13.22308349609375
56188.79637791088 6.144928534876239 13.22875452041626
33508.471060307114 3.664559009124864 13.024801969528198
39470.629327513045 4.316593557421486 13.2700777053833
12145.216727547697 1.328227220412634 13.222914695739746
48818.584990527015 5.338906246059081 13.278093576431274
30442.263757488574 3.3292319339155676 13.322834253311157
59255.78651529923 6.480341222570517 13.298112154006958
54795.76351033733 5.992583441729906 13.269784688949585
47590.956108761486 5.204650091236644 13.275432109832764
32044.571720862878 3.504463805044754 13.219687223434448
41526.4591361772 4.541423560348472 13.402522087097168
37052.3078720374 4.052120682467757 13.293108463287354
49153.94002960832 5.37558139985852 13.30879282951355
45082.78525380383 4.93035109124893 13.446987390518188
40635.724182052305 4.444010855513144 13.24129033088684
36917.86499017745 4.037417717565363 13.226421594619751
36214.16535071039 3.9604596000527557 13.362439632415771
38522.64359920565 4.212919783857231 13.334918022155762
60057.70132193086 6.5680403635997715 13.312721490859985
7430.695289273746 0.8126369393984584 13.26162052154541
29246.415157326497 3.1984513395582095 13.280728340148926
34896.854631302645 3.8163956451222445 13.196660280227661
38418.934134463896 4.201577892051218 13.283321142196655
42189.11091476411 4.613892594843148 13.222180128097534
35289.78558815946 3.8593674260585393 13.284053802490234
56314.92003759637 6.158721691613603 13.22157073020935
39144.280845999485 4.280903380275165 13.24171257019043
26237.91143291106 2.8694348527286473 13.25293231010437
13655.18071343354 1.4933601540512165 13.430417537689209
51613.65815407783 5.6445815042413745 13.260000467300415
35377.10873427731 3.8689172745501454 13.318353414535522
44872.045775295 4.907304165199756 13.353296518325806
53889.57654537144 5.893480871503986 13.335957765579224
33617.65540138527 3.6764996452712646 13.352442026138306
42144.253360385075 4.608986875488448 13.30730652809143
31441.027919623186 3.438458947041719 13.271198511123657
38864.77627621521 4.250336154827871 13.497788667678833
50498.59477946686 5.522635757214553 13.323007345199585
54140.39642477152 5.920911077050187 13.336028814315796
46156.859975925414 5.047814230415741 13.406272888183594
40137.05588919413 4.3894754103754225 13.204320907592773
38218.55823597091 4.179664349570798 13.393816471099854
25995.914020342985 2.8429694912737724 13.32770824432373
52607.551000068546 5.753275779677726 13.231960535049438
43821.56384115422 4.79242118445288 13.400190114974976
34441.85137405351 3.7666355029023095 13.342687368392944
26301.657240838278 2.876406232422851 13.356794357299805
29789.98245844827 3.2578970375372807 13.327515363693237
26818.648310989374 2.9329454961913943 13.47586441040039
36312.262541658594 3.9711877214347213 13.268402338027954
28820.695205110707 3.151893683034615 13.19814944267273
19917.961325933575 2.178271413487808 13.229437112808228
33839.830497749965 3.70079719527052 13.304701805114746
250871.59054233134 27.435860788778054 13.26937747001648
32756.62607806211 3.5823356125935026 13.33167815208435
40322.35071916715 4.409739654521322 13.236969709396362
32609.442686329014 3.5662393179222733 13.231503248214722
50889.141169655486 5.565346756772579 13.306310653686523
