20953.187700814422 9.1853213719399 2.9670259952545166
29303.323478927865 12.845799277090544 2.7548868656158447
27804.979302929045 12.188964957709695 2.6952836513519287
30264.627393974515 13.267209399592538 2.736258029937744
26954.28353400086 11.816042510828202 2.7385125160217285
28374.264245438302 12.438524367180866 2.7025856971740723
25991.023141238576 11.393774720422318 2.681600332260132
30719.270278445794 13.466512773521277 2.7090587615966797
24116.440134159 10.57200728320635 2.734997272491455
30353.524641281547 13.306179593400527 2.694685697555542
27880.888504637638 12.222241537041521 2.6943116188049316
28746.48022528368 12.601693973804414 2.7125561237335205
1514.3008881997375 0.6638293185045054 2.7341623306274414
30106.13381388664 13.197730020641535 2.7024168968200684
31147.619302842533 13.654289617055593 2.746892213821411
28244.28812636729 12.381546286261065 2.741307497024536
28143.232573661662 12.337246214058489 2.7111923694610596
27068.240505576832 11.865998222648491 2.7133054733276367
29411.738391687948 12.893325497417079 2.716158390045166
28031.810262905026 12.288401630269261 2.7303192615509033
30011.219635242625 13.15612216383008 2.74606990814209
27202.554211367446 11.924877786462783 2.7607643604278564
28732.023523521493 12.595356539445499 2.719090461730957
27973.411500356917 12.262801162722877 2.730374813079834
28494.898090204137 12.491407042997482 2.8426806926727295
32784.31034093682 14.371771528931255 2.7348899841308594
26915.227010224247 11.79892116739915 2.7283225059509277
2878465.055770114 1261.8426834461914 2.758530855178833
27478.625073141477 12.045899925100159 2.718038558959961
28931.996278125735 12.683019287610572 2.7449605464935303
30101.33115405927 13.195624662040045 3.1116788387298584
27485.384051164147 12.048862881676053 2.737352132797241
27255.055322097993 11.947892879981234 2.7087063789367676
27451.89146380333 12.034180620299905 2.721508264541626
30375.828869270365 13.315957174976925 2.697282075881958
27619.274018884345 12.10755668996666 2.6890063285827637
28855.08880579885 12.649305092934668 2.701044797897339
25683.409963120997 11.258925267460853 2.681934356689453
32778.26928997689 14.369123292525247 2.751459836959839
31891.704354804766 13.980476755161744 2.7269957065582275
2286866.918060839 1002.501761411229 2.742544174194336
2767.9413597960665 1.2133920285276203 2.7904000282287598
28707.040198045375 12.58440451263628 2.724086284637451
23691.5828815648 10.385761139755562 2.702455759048462
556114.1439478835 243.7856809464849 2.6995368003845215
28092.5466096288 12.315026832676708 2.734771728515625
27813.563276924717 12.192727944083149 2.8008322715759277
28532.226890321675 12.507770998229706 2.7273576259613037
31814.84637796454 13.946784257993539 2.707205295562744
26823.879230687104 11.75887672530077 2.7191433906555176
25421.438905091025 11.144084108563636 2.733832836151123
27868.74659382092 12.216918845596505 2.710777997970581
28716.704635906586 12.588641145691923 2.712531328201294
30569.231927363406 13.400739942557035 2.7610368728637695
28546.778164364194 12.514149890566287 2.714855670928955
28605.226368811884 12.539772032129218 2.690739631652832
21960.220094980323 9.626777646013574 2.72593092918396
22463.07606114325 9.847216355338183 2.740556240081787
30470.33578335491 13.35738649781467 2.7690916061401367
25439.486456007522 11.151995675887497 2.747096061706543
