286984658.6456296 4782.109266967266 54.30499505996704
3838371.0370460134 63.95989873793913 38.42535853385925
5787042.852345616 96.43118689041495 3.340540885925293
5787044.006312497 96.43120611930246 3.373420238494873
5787041.586559181 96.43116579824554 3.3231282234191895
15116965.869091902 251.89842172113316 33.74253058433533
91543.42790851276 1.5254149019575665 4.3546226024627686
5787048.970202661 96.43128883405545 3.2664425373077393
535097.8026289511 8.91649112103051 7.2623114585876465
40139706.57982629 668.8596655814912 23.314592599868774
7921400.11901629 131.99660600422231 10.01733136177063
53484766.0587351 891.2322931062309 34.35203409194946
33400177.096578725 556.5569155009231 45.952714920043945
55355800.55856301 922.4098879737355 50.811100006103516
5787045.383928293 96.43122907491723 3.2377052307128906
19872904.292068888 331.148014061634 9.754937410354614
136650600.95480305 2277.048913508399 24.727164268493652
5787045.191714545 96.43122587200334 3.2846317291259766
5787045.747318186 96.43123513018924 3.2876737117767334
16787733.264822718 279.73890728498674 14.382707595825195
1522380.6874422934 25.367874462792837 4.38736629486084
5787044.015041018 96.43120626474835 3.2666947841644287
260341108.21473172 4338.139996896158 53.50317716598511
21752742.428072266 362.472306492473 22.009599924087524
30450049.92601043 507.39808398816626 23.65029788017273
31099096.496056262 518.2133367335825 31.050687789916992
268333821.9532359 4471.32492259044 73.6932806968689
1058305.0629873816 17.634846660007707 11.114266395568848
22811807.412582032 380.1198159469713 14.423614740371704
53454.61574585084 0.8907298896281977 4.601861476898193
