41502.63175364118 0.6915704862038967 4.286064863204956
135155.57458421588 2.252136852024396 4.313716888427734
6762.718912894838 0.11268916232620957 4.307514429092407
33394.96405612584 0.5564700490838246 4.206791400909424
28576.743245093152 0.47618262710289755 4.111283540725708
120448.59782319702 2.007070198671386 4.13149356842041
15947.074092455208 0.26573075772914667 4.344461441040039
3860128.931952932 64.32245690169293 3.7932534217834473
1502351.8522030115 25.03412812577139 4.242310523986816
48.9033359894529 0.0008148905844808576 4.238308906555176
1502356.6731144972 25.034208458028868 4.317825078964233
358668.9858680451 5.976606168384987 4.409805059432983
5787052.878639204 96.4313539614762 3.4145658016204834
4715039.49769155 78.5680815916702 3.687756299972534
103999.42132048588 1.7329727616905224 4.21492862701416
16878.872104392387 0.2812575804131728 4.175757884979248
142885.30206016544 2.380939560741707 4.316180467605591
5787042.595156387 96.43118260479565 3.3363561630249023
5.72709428332746 9.543224635890332e-05 4.268035888671875
9149.635229301639 0.15246304672139957 4.458251714706421
1502352.6908703893 25.03414210073109 4.215221166610718
426193.1837604046 7.101781618562318 4.370463848114014
5787041.908369415 96.43117116066355 3.330594539642334
1502371.0850917567 25.034448609019282 4.151209831237793
5787046.465923702 96.43124710452304 3.278169631958008
5787043.318731704 96.43119466194268 3.234819173812866
215181.45899680443 3.5856315595559303 4.335110902786255
0.2878506015986204 4.796538727551344e-06 4.148376226425171
3147.7887130891904 0.05245252358212779 4.331225872039795
5787040.9180658795 96.43115465894621 3.2354094982147217
5787042.091254649 96.43117420813367 3.411203622817993
20906.55568047706 0.3483720493346274 4.3360841274261475
12245.88155881036 0.20405670449751193 4.313735723495483
81691.64399125148 1.3612517463755502 4.44857120513916
35766.99761791155 0.5959959377877905 4.307241201400757
39530.47745600436 0.6587079025831329 4.35762882232666
4715041.977819375 78.5681229187652 3.6497957706451416
87740.56201439817 1.4620466357962207 4.460656642913818
2789049.3487840556 46.474744677270444 4.169374465942383
4715039.964822552 78.56808937561064 3.5506436824798584
1502342.3930652393 25.03397050539331 4.420762062072754
0.4095026617869735 6.8236625714455066e-06 4.317100763320923
1502355.5468105823 25.03418969009746 4.24710488319397
28126.126125201583 0.46867386229624475 4.2390289306640625
81483.96530053858 1.357791135637343 4.305214881896973
5787043.884499976 96.43120408950482 3.3964931964874268
4.859026925638318 8.096738619826682e-05 4.232884645462036
41189.74599043839 0.6863567792595064 4.223466634750366
1502370.322224738 25.03443589714313 4.134535312652588
5787039.941161037 96.43113838049524 3.233109712600708
67190.80535450298 1.1196200328517305 4.185295820236206
237928.91565952916 3.96467908014509 4.163480043411255
26.82682265713811 0.00044702318875657857 4.177817344665527
124401.3822225146 2.0729366007135988 4.205775260925293
2789058.331381176 46.47489435691233 3.918450355529785
70774.13092794921 1.1793300344671738 4.207844018936157
5.681801711209118 9.467752298841348e-05 4.204828977584839
2.4911088682711124 4.151007534759398e-05 4.1784703731536865
89779.95735663455 1.4960296766010641 4.2459893226623535
6.229239280335605 0.00010379963524612274 4.170507431030273
31340.670900576748 0.5222387616603762 4.193586349487305
11.530271507799625 0.00019213228500894613 4.2148590087890625
1895.7868259595707 0.03159005011417806 4.238832950592041
181249.26891798992 3.020209556198035 4.194986820220947
35750.080487091094 0.5957140426912066 4.212883472442627
22229.792521861382 0.37042153167085967 4.240069627761841
2789053.1538106026 46.474808081540196 3.8933207988739014
8.889061372727156 0.0001481210283705409 4.164220571517944
5787042.538453732 96.43118165994272 3.3506112098693848
15188.292542930692 0.2530869589396596 4.176875352859497
25932.744538925588 0.43212490368909606 4.216573476791382
9829.640813870355 0.16379417857667747 4.138955354690552
5506.1779885701835 0.0917510535544916 4.146791696548462
10855.028113769367 0.18088050692683677 4.237730503082275
22053.2596844472 0.36747991339165814 4.1898956298828125
2789037.7992762695 46.47455222444571 3.9780466556549072
2829.6636978797615 0.04715151344985576 4.19377589225769
24630.84686993528 0.41043100222097156 4.163835525512695
41.881512395106256 0.0006978838850983719 4.146078109741211
6.946077896282077 0.00011574452667138366 4.173888683319092
107696.79350791406 1.7945831553762706 4.223196029663086
2889.7094545373693 0.048152073447416385 4.140153408050537
21189.980566878803 0.3530948410759955 4.210066318511963
5787042.941759355 96.43118838034223 3.274385690689087
3552.73267670162 0.05920022323315562 4.185397148132324
31420.111438677646 0.5235625025711901 4.169116497039795
2789065.9468037495 46.47502125492504 3.945966958999634
49647.0777388392 0.8272837706837566 4.208780765533447
6.474481522105634 0.00010788617841729773 4.140000581741333
35421.68212206848 0.590241844727584 4.340893030166626
1502311.1699281773 25.033450225132363 4.202622890472412
5787042.4168058615 96.4311796328887 3.4802260398864746
5787047.613880737 96.43126623326671 3.6107921600341797
5787041.132301936 96.43115822882426 3.3770194053649902
1502346.3249084987 25.03403602284702 4.189758062362671
76514.42299441248 1.2749821993448407 4.377861261367798
16605.126268678345 0.276696073523084 4.360319137573242
1502337.385128947 25.033887056686805 4.418298006057739
5787043.282987713 96.43119406633012 3.4255247116088867
5787044.906486273 96.43122111916125 3.6309280395507812
5787044.67821159 96.43121731535348 3.3928754329681396
2397.53020515386 0.03995074672635225 4.61507773399353
295096.42722756695 4.917278038323356 4.585730791091919
1502347.3912480064 25.034053791573978 4.25719141960144
9981.448010230437 0.1663237862704542 4.4781434535980225
20.883075793273747 0.0003479807971098144 4.253527641296387
48973.73007728346 0.8160635817460874 4.409066915512085
3.120795746333897 5.200273188569143e-05 4.137149333953857
84557.32728651073 1.4090034649068686 4.471629858016968
3.7883248887956142 6.312596513865299e-05 4.173871040344238
5787041.661384998 96.43116704509 3.5314369201660156
129812.91891261842 2.163110618643365 4.353109359741211
5087.984223114327 0.08478256858176764 4.2356579303741455
5787043.189861711 96.43119251454434 3.2251529693603516
516904.19521640893 8.613325721814814 4.15415096282959
22.037212597206235 0.0003672125160855966 4.420641899108887
5787046.432106762 96.43124654102148 3.3727447986602783
5787039.832844077 96.43113657557805 3.332916021347046
17946.4316631509 0.29904663744176635 4.133070468902588
1502347.517330625 25.034055892525515 4.175066232681274
