5787038.887422428 96.43112082174072 3.3112947940826416
29468.156669657677 0.49103650960110035 4.3772873878479
5787056.872775209 96.43142051693215 3.27687668800354
508815.7786466591 8.478546071864766 4.7061779499053955
870888.0255651381 14.511861774076385 4.314500093460083
100022.42934153229 1.6667029816717496 4.550838947296143
249630.8620394757 4.159672033737763 4.389929533004761
5787045.720560109 96.43123468431159 3.2462971210479736
2789054.7462456156 46.47483461675037 3.97837495803833
59142.5904155476 0.9855102744285549 4.352109670639038
751871.6112718564 12.528656468262783 4.499371767044067
5787056.692696148 96.4314175162221 3.3022301197052
5787045.065659239 96.43122377150692 3.2638204097747803
5787042.070314295 96.43117385919842 3.3009707927703857
5787045.530627079 96.43123151940198 3.238564968109131
8804466.627981808 146.71140140757842 5.431550741195679
5787039.660916293 96.43113371069514 3.2621028423309326
5787041.729358644 96.43116817775474 3.2444119453430176
658959.6857132502 10.980437889881468 4.328991651535034
381491.10124227684 6.35689774891046 4.352837085723877
529077.375679615 8.816170986702108 4.416163921356201
512220.54571658745 8.535280700934518 4.574694633483887
5787038.016732294 96.43110631317649 3.2959606647491455
5787044.745860484 96.43121844260678 3.2680981159210205
634861.3048768071 10.578879524843005 4.34677791595459
5787040.44040406 96.43114669952769 3.399432897567749
1161208.560144377 19.349557716968597 5.3521201610565186
5393.355062140152 0.0898710521476093 4.17618203163147
5787043.63079316 96.43119986191397 3.246752977371216
5787045.444172449 96.4312300787832 3.228928327560425
