3860124.4569677985 64.3223823337074 3.832064390182495
4492.849076109938 0.07486565763949364 4.332205057144165
6.371074839495122 0.00010616308263401865 4.280518054962158
29270.100822334178 0.4877362471155287 4.225953578948975
23106.085189338773 0.38502345257316684 4.152177095413208
33201.092162605375 0.5532395050436516 4.1756792068481445
1.0257111275568604 1.7091724385093026e-05 4.291520357131958
3.474239954724908 5.789227605951308e-05 4.127217054367065
5787043.920133108 96.43120468327011 3.379702091217041
856.3262038100511 0.014269213881023276 4.147442102432251
735.1007649740204 0.012249198953445601 4.352442502975464
879.7382462015375 0.01465933558790241 4.1625752449035645
18504.582573644817 0.30834726923872613 4.18925929069519
3.1459129564464092 5.242126730081173e-05 4.210294485092163
11.821563547477126 0.00019698616942531017 4.138062000274658
4.131952944211662 6.885193988570085e-05 4.133625030517578
12868.700886768289 0.21443492504048411 4.345216512680054
28367.097565505654 0.4726892398540238 4.278006076812744
16.697127126157284 0.0002782291107077031 4.163936614990234
11255.286292824894 0.18755012597990398 4.162428617477417
5787043.62320356 96.43119973544624 3.2536582946777344
12275.662143128924 0.20455294708036495 4.333117485046387
81102.77434706409 1.3514392393384356 4.260545015335083
32.62986361421645 0.0005437209567432003 4.2592597007751465
134939.022370114 2.248528379171784 4.2069408893585205
4715039.605088523 78.56808338125734 3.542320966720581
3860124.7536277813 64.32238727703941 3.7086565494537354
5897.581289788708 0.09827312118943761 4.143645286560059
5358177.431550164 89.28487700490923 3.409761667251587
3.0749250510707498 5.123837508022542e-05 4.1583380699157715
