5787045.059937694 96.43122367616715 3.3944525718688965
5358175.710174082 89.28484832111634 3.6087214946746826
632536.9811601024 10.540148639235596 4.367324590682983
43726.78852037247 0.7286322606400949 4.387219190597534
4715051.597848382 78.56828322012096 3.671093702316284
5787041.326012698 96.43116145668333 3.424496650695801
192673.76779618207 3.2105793209572075 4.3702287673950195
5787033.136553765 96.43102499333493 3.2888498306274414
8.888472738675773 0.00014811121978925557 4.303007125854492
2789041.058223983 46.474606529244205 4.0547261238098145
235983.06179875135 3.9322547483926398 4.354940414428711
5787049.473230852 96.43129721616125 3.379556894302368
65143.56890632771 1.0855063334062804 4.187932014465332
5787028.371302705 96.4309455885634 3.3450188636779785
5787045.438464892 96.4312299836765 3.3876290321350098
2016077.6265538502 33.59449089149198 4.242412090301514
147503.7923641652 2.4578988148927374 4.347827672958374
85956.37553612795 1.4323162149019482 4.341516733169556
3860251.588945686 64.32450077102196 3.894383668899536
57628.71643980965 0.9602841497898285 4.520268440246582
5787067.519748474 96.43159793056029 3.420822858810425
5787073.433079683 96.431696466127 3.4243409633636475
554696.888757498 9.243076422982647 4.239776372909546
5787041.255871447 96.43116028789915 3.295736312866211
5787042.807672003 96.43118614600549 3.2695112228393555
5787052.79436836 96.4313525572465 3.270714044570923
5787043.955682495 96.43120527563993 3.369250535964966
4714988.695979312 78.56723506788728 3.7248075008392334
366075.94886956364 6.10003055830467 4.329224348068237
5787055.213921422 96.43139287496652 3.3228065967559814
