883.8737150477245 0.0147282461142906 4.194649934768677
9275.337574517354 0.15455766164880536 4.247030019760132
4.053647098131478 6.75471066797553e-05 4.130584716796875
770.0094886673614 0.012830893221911919 4.160701036453247
5.746475154533982 9.575519548181463e-05 4.279512882232666
2638.9142066966742 0.043972998912664756 4.281694173812866
3.3098189206793904 5.515248030072895e-05 4.335628271102905
1.289619610644877 2.1489308592424648e-05 4.31365442276001
815.930371533148 0.013596086318073058 4.31355619430542
3.696660267189145 6.15985307506754e-05 4.210006475448608
5.540405796840787 9.232140153020325e-05 4.279472351074219
0.02140056062489748 3.5660379814583347e-07 4.244419813156128
1.1992125837132335 1.9982829872171442e-05 4.13965368270874
1550.3623901251704 0.025834141755047443 4.188220977783203
1.4670021999627352 2.4445086536022042e-05 4.275221824645996
2125.5508876955137 0.03541867584639967 4.28438138961792
3172.592375312932 0.0528658342571118 4.274731636047363
1601.9974707728252 0.026694552199393373 4.1730828285217285
2.617706988938153 4.361961684322512e-05 4.299859046936035
1.0647592283785343 1.7742394304795518e-05 4.158863544464111
5.674583145417273 9.45572379162765e-05 4.219229459762573
2.4458867916837335 4.075652666474595e-05 4.175250768661499
1.3681522104889154 2.2797920262628744e-05 4.262144565582275
578.7657401682809 0.009644142730568407 4.300563335418701
2.2140489108860493 3.6893344279217616e-05 4.177814245223999
3787.067091299221 0.06310500609125354 4.205427408218384
1.0552233178168535 1.7583494639283103e-05 4.2481529712677
2.4743742384016514 4.1231221317710685e-05 4.143926620483398
803.2681098934263 0.013385091350558617 4.285763740539551
12867.028563704342 0.21440705863236598 4.3243138790130615
454.5904389731586 0.007574973384109028 4.1471874713897705
0.22582766320556402 3.7630323727039275e-06 4.165635347366333
1319.0132563291118 0.021979103503692362 4.17116904258728
3665.9447114039212 0.06108670846493453 4.213280200958252
2.957644946873188 4.9284102417147e-05 4.2074055671691895
76.15736404713243 0.0012690324217201421 4.21262788772583
3159.828533030115 0.05265314662164437 4.220117807388306
53226.728997698054 0.8869325461210448 4.227878093719482
1502346.962500603 25.03404664723065 4.125369071960449
0.9575436720624566 1.595583014543649e-05 4.1564249992370605
4794.449991489761 0.07989132186548492 4.162461519241333
2716.939784824848 0.04527316193178962 4.171481132507324
3544.7025905139744 0.05906641555941546 4.211498022079468
3213.7046018494293 0.05355089930704748 4.160707473754883
7.533817293122411 0.0001255382000665267 4.12666654586792
5.226144148036838 8.708476780180076e-05 4.1759865283966064
43680.67035778891 0.7278637802143219 4.273037910461426
370.4755303040147 0.006173342069964411 4.125204086303711
16758.56098559685 0.2792528010677313 4.318304538726807
1502349.503542426 25.034088989353425 4.120513439178467
167.941159972921 0.002798452646221157 4.1702446937561035
234.66885361261666 0.003910355713178359 4.159977436065674
18537.81878859084 0.308901094004978 4.143049001693726
0.49440458230674267 8.238408094139981e-06 4.139684438705444
7129.894033723511 0.11880750870821176 4.190252065658569
17346.355205154046 0.2890473879898328 4.2223169803619385
1502347.7759047793 25.034060201222243 4.182041883468628
15816.931643179618 0.26356215604972694 4.1476686000823975
11.775756686925888 0.00019622287631631074 4.168087005615234
5.623970856890082 9.37138705560471e-05 4.175001621246338
