188504.08989645168 3.141098759108808 4.31520676612854
5787022.762642769 96.4308521298232 3.617985725402832
808311.6333770426 13.469133056840032 4.588446617126465
1280577.301901294 21.33863395831167 4.467202425003052
519462.0395339858 8.655947829464296 4.497437000274658
355912.4216255406 5.930672732530672 5.207477569580078
41472.76254302822 0.6910727668151903 4.500209808349609
3576296.477545142 59.59287373548759 4.455780267715454
3860132.050254561 64.32250886286462 3.9904074668884277
540662.1261273548 9.009211070214194 4.636146783828735
5787125.363726329 96.43256180167398 3.3260304927825928
5787093.8779551275 96.43203714506359 3.367429256439209
376350.0474731773 6.27123086696906 4.403783798217773
5787061.336145811 96.43149489138135 3.317046642303467
750704.4558614027 12.509207816440549 4.565840244293213
5787036.888807593 96.43108751823743 3.3980515003204346
5787037.402331988 96.43109607524457 3.6741323471069336
33225.097454155795 0.5536395122347023 4.231783390045166
2879339.1087037157 47.979269343019965 4.517595052719116
573093.4454252487 9.549623624970089 4.500806570053101
26068.077267363667 0.4343799925075783 4.5998640060424805
5787046.828547187 96.43125314702418 3.457024335861206
1362037.4532804498 22.696028275615017 4.204575300216675
135.0993543919176 0.0022512000385241588 4.274361610412598
5183368.915307655 86.37199159349656 4.304389715194702
5786998.336378566 96.43044510784176 3.306537389755249
2133094.686152066 35.54438036551042 4.2425217628479
264910.3025469789 4.414277817858199 4.34280800819397
5787090.632876111 96.43198307136323 3.4112021923065186
1126320.7438658755 18.768211834868033 4.390524625778198
448324.55615070555 7.470563146807864 4.813140869140625
5787014.555079719 96.43071536480062 3.23830246925354
3118123.7627765336 51.958207842520785 4.204663991928101
14841.974763754755 0.24731616453926006 4.136867523193359
1644560.0714772213 27.40378525810559 4.159553527832031
150287.89479656704 2.5042911276561006 4.148278474807739
608397.7943917187 10.13791031302359 4.187652826309204
5787004.882161324 96.43055418213352 3.2343292236328125
302695.29077978246 5.043900123221421 4.210674285888672
29561.773434621282 0.492596473124547 4.146985292434692
7983.205582894385 0.13302648851764826 4.152265548706055
5358080.701808598 89.28326516894658 3.382659673690796
5787029.481288709 96.43096408458469 3.322175979614258
5787041.5801173635 96.43116569090365 3.3728270530700684
270108.3345124889 4.50089414414396 4.183517932891846
1673758.5180155495 27.8903275089386 4.26449179649353
5787054.590173707 96.43138248127599 3.2369630336761475
346679.0867346348 5.77681497387837 4.221813201904297
5787056.4044815665 96.43141271361827 3.250403881072998
5786989.63444479 96.43030010497525 3.28334903717041
1502237.3296479797 25.03221980295623 4.157768964767456
5787112.175744616 96.43234204647919 3.2579033374786377
2788832.8993161013 46.471137916506926 3.93270206451416
5786988.434936643 96.4302801172203 3.306182861328125
5787035.266472988 96.43106048480162 3.2606160640716553
5787084.826132601 96.43188631189852 3.2186102867126465
5787015.819932708 96.43073644141575 3.269380569458008
5787067.703222304 96.43160098783837 3.3578550815582275
4715017.749875115 78.56771920144696 3.5674655437469482
257405.99723586906 4.289231384575774 4.226497650146484
