1445732.7121780238 96.40923967180281 0.8120718002319336
1445726.678020235 96.40883728167938 0.8111295700073242
3117.148466053186 0.20786823942274374 1.0265324115753174
1445727.3173692843 96.40887991691564 0.8070051670074463
1445729.450120366 96.40902214023842 0.8059566020965576
1445730.0585991086 96.40906271687645 0.8167555332183838
1445731.506509981 96.40915927136756 0.8237166404724121
7943.287198344246 0.5297011493455327 1.0389480590820312
135080.65578782652 9.007905271267903 1.0618481636047363
5378.887940388871 0.3586932025847836 1.067199945449829
182253.73783855722 12.153660316565999 1.0499064922332764
1445722.1813660979 96.4085374205759 0.8027725219726562
1445731.7619108055 96.40917630286937 0.818636417388916
1445722.8940694025 96.40858494746875 0.8081598281860352
120401.86791953212 8.029044679842283 1.0676019191741943
490983.9077258648 32.74144994867658 1.072056770324707
1445722.0397787744 96.40852797877099 0.8212645053863525
3405.558311951114 0.2271009604663118 1.0160655975341797
8629.466872341698 0.5754593037340279 1.0369200706481934
75735.76732100314 5.050468652935466 1.0417389869689941
1445726.5987889576 96.40883199811131 0.8077316284179688
1445726.823873464 96.40884700795783 0.8060717582702637
1445726.3692251835 96.40881668956311 0.8091599941253662
1445729.0753641475 96.40899714947646 0.8100361824035645
101688.1111235558 6.781110639956668 1.060213565826416
1445740.7549246687 96.40977600544343 0.847301721572876
97424.58190896385 6.496795561218439 1.107865571975708
1445727.3343008156 96.40888104600128 0.8064665794372559
6.39071712968871 0.00042616741963502494 1.0187022686004639
1445721.3439822104 96.40848157931062 0.8043429851531982
