0.01359748374670744 2.2657884689529435e-07 4.562340259552002
1400.9139577010646 0.023343838834320462 4.5005505084991455
2722.0570705635473 0.04535843276009187 4.404559850692749
995.1974498229101 0.01658326605233957 4.494483232498169
6.918831837363541 0.0001152905176262397 4.441892147064209
756.888970952481 0.012612262199445962 4.693313837051392
86.06151145976037 0.0014340681255339187 4.609073877334595
10.079941171221435 0.00016796500660651943 4.429635047912598
1852.9082637382671 0.030875552096338275 4.169853448867798
1.5966630671173334 2.6605663471769193e-05 4.231328725814819
1536.1125611439347 0.025596692688796097 4.298258066177368
4.209910923615098 7.015097648751292e-05 4.229750633239746
22.76945124194026 0.0003794140226927424 4.257858753204346
2844.257382668555 0.04739469228595467 4.196354150772095
163.97260823566467 0.0027323235084172896 4.256223917007446
1713.7395050153136 0.02855654238375585 4.176312446594238
20.931721800006926 0.00034879139974166776 4.241778373718262
935.2049621464685 0.015583593691385303 4.209735155105591
18.867457333020866 0.0003143939574406327 4.20918083190918
978.3896086951718 0.016303192081856287 4.353391885757446
2152.8527239030227 0.03587361432481627 4.287370681762695
660.5104471119121 0.011006278680432413 4.383756160736084
1767.5513060400262 0.029453224156108827 4.306872367858887
232.71412393450737 0.0038777834810868692 4.219501495361328
2320.566880615428 0.03866828434934306 4.253391981124878
19.01125656440854 0.0003167901260729459 4.270821809768677
9.58210360724479 0.00015966939373518178 4.2152087688446045
7.99837136734277 0.00013327920041762825 4.336372137069702
19.2627575667575 0.0003209809608013961 4.302578687667847
51.757417912594974 0.0008624489859569267 4.302635669708252
