0.2264291075989604 3.7730544164633395e-06 4.152679920196533
1478.1781138638034 0.024631314056633588 4.357316017150879
5143.749763135798 0.08571180607819913 4.152995824813843
3962.8928280966356 0.066034841746157 4.254544734954834
0.5049299411475658 8.413795225592914e-06 4.254387140274048
1.4138037357479334 2.3558624974241606e-05 4.293959379196167
5283.629682643339 0.08804266607084298 4.352700233459473
19387.480254493654 0.32305925140981706 4.311353445053101
0.5120895029976964 8.533097097799303e-06 4.1658148765563965
2.2076842887327075 3.678728871957941e-05 4.224459886550903
1130.339143349789 0.018835171600247433 4.292402982711792
1720.80587164592 0.028674291316773688 4.26763653755188
2.2015639320015907 3.6685303426082734e-05 4.139578580856323
0.820527046918869 1.3672682063863217e-05 4.143764972686768
5677.76909794379 0.09461032637463898 4.182865858078003
3742.1138018285856 0.0623559362867117 4.277467966079712
44887.20501843188 0.7479686199949823 4.412836313247681
3.069836492650211 5.1153582943624094e-05 4.26393985748291
2.944734390825033 4.906897004731597e-05 4.1420910358428955
4.431791698560119 7.384824070725876e-05 4.282801628112793
1181.806682029739 0.019692790243804614 4.295480251312256
978.906770285219 0.016311809696623415 4.341433048248291
1.1852125758305192 1.974954364791995e-05 4.166151523590088
0.15630708076059818 2.6045905830835618e-06 4.144748687744141
1.793127597309649 2.9879409374762428e-05 4.128196716308594
0.6182391848415136 1.0301900279218686e-05 4.123932838439941
1695.4248746735975 0.02825136034409028 4.183045387268066
0.49658283218741417 8.274704908712889e-06 4.339874505996704
0.045097784139215946 7.51477561447406e-07 4.357702255249023
0.9492266792804003 1.5817241663236532e-05 4.273238897323608
