1929295.2068790437 64.31689364863826 1.8504371643066406
2892484.7963009253 96.4267346752669 1.6334614753723145
2892478.7511706655 96.42653314882416 1.634441614151001
10737.942247320432 0.3579706656936855 2.136847972869873
36103.271051910706 1.2035743603852125 2.0423965454101562
2892482.5533863376 96.42665990324731 1.6059613227844238
1393446.958615986 46.45332633532097 1.9642555713653564
114595.2727043922 3.8202613788109496 2.1045563220977783
749732.8043527384 24.993834468938044 2.085974931716919
0.4590491089038551 1.5303315227031736e-05 2.0569722652435303
99961.33700494142 3.332410021130365 2.0950422286987305
21872.98305290984 0.729179401771389 2.106889009475708
17.635416594333947 0.0005879116941269208 2.047198534011841
2892482.9902983736 96.42667446857918 1.628875732421875
41644.85362089705 1.3883140391361934 2.099726438522339
1929278.5925705244 64.3163397776131 1.9121549129486084
2892481.9665412754 96.42664033959976 1.6536309719085693
187149.34147541644 6.238995592363844 2.0929877758026123
92006.38901955169 3.0672160053403084 2.0966901779174805
259612.74951043352 8.654707449931461 2.0976033210754395
1393418.307299341 46.45237118668484 1.9668869972229004
2892476.940268828 96.42647277880901 1.6423604488372803
2892476.3632079177 96.42645354133562 1.6504838466644287
2895.1542092543095 0.096515724866304 2.0673084259033203
4997.022458635271 0.16658568418454126 2.068685531616211
1.2726364703848958 4.2425868383062535e-05 2.064852714538574
2892477.2942412845 96.426484579185 1.6209628582000732
2355971.7475112593 78.54100491391421 1.7789604663848877
37309.47505895002 1.2437855704492267 2.0957109928131104
20197.535885218997 0.6733250374864109 2.1024975776672363
