0.4618804072961211 7.696448257496543e-06 4.258372068405151
64.36657282803208 0.0010725590205988634 4.30979585647583
3.2604685835540295 5.433014120563968e-05 4.366155385971069
1166.9373516198248 0.019445018244135973 4.12368106842041
7.310363873839378 0.00012181473041441406 4.180829048156738
2961.1593840364367 0.049342664511043785 4.342717885971069
13.457868043333292 0.00022425238961332485 4.310370683670044
0.9986432492733002 1.664068441596077e-05 4.477646112442017
6104.560010053217 0.10172206811542692 4.365203380584717
145.82064975611866 0.002429852117548174 4.356416463851929
2789045.5668515977 46.47468165782425 4.008464813232422
45073.375113347545 0.751070826713383 4.211517572402954
2.3327073445543647 3.887058444922178e-05 4.290314674377441
1502355.1040293882 25.034182311904974 4.351580858230591
1502347.7570108874 25.034059886387794 4.115705966949463
1502339.8483623518 25.03392810226515 4.089962959289551
9700.401512714103 0.16164062631840556 4.378717422485352
5284.4752076091245 0.08805675530053705 4.1528639793396
1540.784202476032 0.02567453761406702 4.136876106262207
8171.258452529088 0.13616006846162132 4.332995414733887
1155.9411392407492 0.019261785142521123 4.272700309753418
14.163708196021616 0.0002360140104299149 4.217414379119873
28248.55097013712 0.4707138632783048 4.24325704574585
6.062480143271387 0.00010102087899319364 4.305884599685669
369.17217620275915 0.006151623899539662 4.332309007644653
6603.0941591197625 0.11002928838776417 4.222034692764282
10.083319858647883 0.00016802130666286548 4.281744718551636
1.5424675522372127 2.5702587763264815e-05 4.287565469741821
100096.13835915457 1.6679312165812186 4.190258264541626
76801.1228805501 1.2797595633642538 4.324699401855469
