5787043.834235722 96.43120325193685 3.392111301422119
5787044.079180216 96.43120733351857 3.273808240890503
166032453.90104765 2766.6473189353765 35.775163412094116
5787040.3530584145 96.43114524406165 3.252044439315796
5787042.709549834 96.4311845109671 3.249722719192505
5787035.536967013 96.43106499212266 3.267672061920166
292757557.2746268 4878.304764528963 99.59671640396118
5787040.935600277 96.43115495112701 3.2698721885681152
5787043.46122008 96.43119703626816 3.4464147090911865
5787046.22385697 96.4312430708943 3.290492057800293
5787043.134431401 96.43119159089287 3.2425217628479004
5787039.548913004 96.43113184435158 3.2745883464813232
5787043.300018259 96.43119435011509 3.2423014640808105
5787052.343419065 96.43134504294655 3.2744266986846924
5787044.91619355 96.43122128091646 3.2800092697143555
5787042.818840748 96.43118633211354 3.2898242473602295
5787044.5718796775 96.43121554351373 3.241337776184082
5787041.553103194 96.43116524075865 3.3065860271453857
5787041.563762869 96.43116541838393 3.318326950073242
5787039.200673697 96.43112604153819 3.2350962162017822
