6429.0547281032195 0.8565289261709019 0.5129921436309814
559095.8696655058 74.4871221546543 0.5587255954742432
723813.5355764913 96.43209718922498 0.4083571434020996
723817.8591535923 96.43267320996335 0.4176003932952881
723806.2222120367 96.43112284564448 0.4043245315551758
723816.4195467022 96.43248141428018 0.4056077003479004
53007.60192541056 7.062087083751077 0.5139036178588867
590147.9998659453 78.62412967142627 0.4357013702392578
723816.8962661313 96.432544926569 0.4061868190765381
3131.7272910824977 0.41723319012442117 0.5217251777648926
18.285257791052572 0.00243610497699856 0.5054664611816406
723811.3055440662 96.43180008687337 0.40585947036743164
28.10656695358921 0.0037445765558463307 0.5097062587738037
723811.5951434019 96.43183866956062 0.40995049476623535
134066.59171118017 17.86139933321878 0.5523722171783447
44560.22030237736 5.936660871573362 0.5521094799041748
44573.435738493456 5.938421535276522 0.5240588188171387
84808.41004254436 11.298839324927238 0.5489141941070557
723811.3505205064 96.4318060789863 0.40790367126464844
61051.72472797916 8.133788003631679 0.6191372871398926
12761.461704831221 1.7001816834175627 0.5579314231872559
723810.3257227782 96.4316695474222 0.4052913188934326
65635.2542360453 8.744441633698816 0.5378623008728027
723817.62329009 96.43264178638385 0.4039938449859619
723813.2254170373 96.43205586735803 0.4070010185241699
723811.7708932254 96.43186208432594 0.404585599899292
723809.7230618772 96.43158925622602 0.4036436080932617
723809.9494008244 96.43161941086984 0.4123423099517822
84088.76952978165 11.202963190457378 0.5279579162597656
723816.171021027 96.43244830374704 0.40461230278015137
