4757.006571159698 0.07926739120594244 4.351098299026489
5787033.612868121 96.4310329303003 3.5086417198181152
417964.1074741138 6.964658114633683 4.461296796798706
49237.54834657069 0.8204596626944826 4.479129314422607
1502306.1878433656 25.033367207196637 4.637131452560425
5787047.698649094 96.43126764578663 3.391268014907837
5787040.622490207 96.43114973368237 3.306535482406616
127329.04529533163 2.1217211063981485 4.318698167800903
47938.40182403382 0.7988116043840093 4.280333995819092
1502355.9071834506 25.034195695095924 4.152193307876587
308081.8105036635 5.133657276129309 4.263525485992432
5787065.480792992 96.43156395484901 3.431227684020996
49227.310767376795 0.8202890709194187 4.4041361808776855
807968.4992965683 13.463415313341853 4.1810290813446045
43777.94223889522 0.7294846500066274 4.251497983932495
5787050.169949537 96.43130882578839 3.2620491981506348
245.79164720792323 0.0040956980746052795 4.220469236373901
5787026.6474656295 96.43091686376225 3.40364933013916
167383.7125833854 2.7891637373996003 4.4468162059783936
4715029.80666712 78.56792010729694 3.6667840480804443
8562.30436729081 0.1426761808615557 4.302687883377075
5787043.102236761 96.43119105442416 3.333148717880249
2789004.693459842 46.47400057254809 4.107724189758301
4715037.740123622 78.56805230480198 3.7275750637054443
163762.62460443564 2.728824489781413 4.214030504226685
296795.6833512774 4.945593239890212 4.446105241775513
5787054.002889134 96.43137269518147 3.4892046451568604
1502353.712018746 25.034159116424693 4.482832670211792
5787049.684971728 96.4313007444614 3.3452677726745605
5787033.357586519 96.43102867646833 3.4311411380767822
