8.755638116039336 0.00014589775763806722 4.376948356628418
5.04581284057349 8.407985450568742e-05 4.34967041015625
12.207962710410357 0.00020342485164104863 4.543463706970215
32.78193806298077 0.0005462550177419201 4.1802592277526855
66247.89870265312 1.103908103653229 4.291132688522339
2.1452498687431216 3.5746925726592394e-05 4.248484134674072
13.804783774539828 0.00023003314786322152 4.4255757331848145
8930.600867545232 0.14881321311676438 4.406329870223999
48937.05771460384 0.8154524994455928 4.2542126178741455
1502338.3833075473 25.03390368962864 4.258209228515625
1757.6396959740669 0.029288064099920883 4.224839210510254
15.026367745362222 0.00025038875869906716 4.377241373062134
1502361.0084745577 25.034280699401002 4.21690034866333
3.0394303360953927 5.0646916267712334e-05 4.430194854736328
1571.2829970652238 0.026182747944628278 4.2908101081848145
36.823842357844114 0.0006136064506578104 4.327355623245239
15.976707580499351 0.0002662245492037754 4.1831955909729
5.769655671902001 9.61414592195414e-05 4.3481504917144775
0.6493894392624497 1.0820966075410558e-05 4.2969138622283936
9095.481312671676 0.1515606641766988 4.187589645385742
9937.397575290874 0.16558976099491307 4.142628908157349
44.48084083199501 0.0007411972547558288 4.15093994140625
4.046224918216467 6.742342872595744e-05 4.24497127532959
2935.5231293784454 0.04891548010491951 4.205080986022949
52982.22165795602 0.8828582488372108 4.230251789093018
20.50181050878018 0.00034162766221140523 4.255943059921265
10347.513570423238 0.17242364371920083 4.164184808731079
9.612771677784622 0.00016018042476039637 4.258459091186523
1502358.5823493088 25.0342402721667 4.176841497421265
16.464646709151566 0.00027435522155349484 4.178206443786621
