67.89879106171429 0.00113141740567059 4.197034597396851
28.387031468562782 0.0004730214043083406 4.337646961212158
50.51053133327514 0.0008416717503584714 4.289826154708862
206.4646669421345 0.0034403811051951067 4.199741363525391
27.636308460496366 0.00046051188735108414 4.3111186027526855
5.657638538628817 9.427488497960524e-05 4.347188711166382
628.2486073141918 0.01046869021213524 4.182870864868164
11.886851834133267 0.0001980740872328898 4.203966379165649
89.17790233809501 0.0014859974578163757 4.329335927963257
0.19835460744798183 3.3052408128684243e-06 4.392035722732544
257.4269971232861 0.004289581311839122 4.231303453445435
199.52243917342275 0.0033247007343250113 4.197314262390137
1.2621530881151557 2.1031625897674983e-05 4.360493421554565
52.87999137211591 0.0008811547556972364 4.237607955932617
336.18307151272893 0.005601916803726061 4.362271070480347
22.395614974200726 0.0003731846796723785 4.22926664352417
55.81514254119247 0.0009300640377189032 4.295753479003906
153.7045716913417 0.0025612242136191037 4.201485872268677
1.5486195823177695 2.580510083904292e-05 4.318788766860962
5.958665648475289 9.929098771624228e-05 4.255926847457886
18.086525469087064 0.00030138106148650006 4.316642999649048
23.19233999121934 0.0003864607415534911 4.397284507751465
22.149052905850112 0.0003690761438450399 4.2358245849609375
3.7400654572993517 6.232180412298763e-05 4.375613212585449
351.91274556797 0.005864024961078214 4.215816497802734
2.2121571637690067 3.686182154395413e-05 4.232656955718994
892.4154058787972 0.014870578805771783 4.309313535690308
183.08360751532018 0.0030507756765141758 4.165111780166626
16.270333523862064 0.0002711173241395628 4.322069883346558
18.383748997934163 0.0003063337840409678 4.500727653503418
