5787040.318934624 96.43114467544696 3.319671154022217
186805.08301656507 3.1127877107646547 4.644215106964111
5787039.540816967 96.43113170944495 3.2668814659118652
5787043.153136627 96.4311919025835 3.315247058868408
5787043.466030272 96.43119711642179 3.30796217918396
4093000.236468425 68.20285952875251 9.716541528701782
881835.520570334 14.694283083847756 4.527241468429565
5787041.598334924 96.43116599446819 3.259993076324463
6718269.189151365 111.94848358459689 5.63696813583374
5787044.478122134 96.43121398120437 3.2421774864196777
11167985.889496464 186.0954138369724 6.458201169967651
5787045.85171877 96.43123686984669 3.2290263175964355
5787037.92856578 96.43110484403208 3.270780324935913
1274722.946596304 21.241081124344053 5.6471107006073
4816.533688466996 0.08025930896438464 5.6177098751068115
5787046.9867469 96.43125578315224 3.311767578125
5787043.917389365 96.43120463755032 3.1949617862701416
5787043.058453688 96.43119032485401 3.242175579071045
189810.5948887514 3.1628694337521885 4.667397499084473
1177873.9148447588 19.627257394456937 6.527348518371582
7796179.02959457 129.91001038280697 6.896169900894165
1192024.1133172316 19.86304628841379 5.163409948348999
132508.51491235476 2.2080281228443703 4.267838001251221
5489910.923675593 91.47999069647717 5.377799034118652
739079.2547143847 12.315493691100631 5.477031469345093
5787045.677935218 96.43123397404057 3.2679004669189453
5465791.990472514 91.07808986134498 6.297957897186279
317964.3289578743 5.298332570285756 6.2183308601379395
5787041.841798846 96.43117005137869 3.2644193172454834
5787042.129242424 96.43117484113507 3.2526416778564453
