750593.3669161231 99.99991565561717 0.37478041648864746
17956.494931709138 2.392304618969661 0.4527606964111328
750602.8238648266 100.00117558424748 0.37604403495788574
750594.5680610599 100.00007568153488 0.37534260749816895
65000.473530546646 8.6598711860935 0.4390127658843994
750596.623534504 100.00034952777452 0.3792684078216553
750595.681462229 100.00022401754198 0.3746299743652344
53761.93052201625 7.162584635903864 0.42441415786743164
1406.7221512768883 0.1874145212027925 0.4223668575286865
10032.6168636207 1.3366236425578544 0.48504161834716797
4250.930529235979 0.5663421942136466 0.4574248790740967
60033.67772005184 7.998155823261556 0.4419848918914795
750593.8842609094 99.99998458033363 0.37073612213134766
148091.87677640957 19.729957443892378 0.4091339111328125
750595.0865613214 100.00014476019278 0.37082576751708984
2944.46884240862 0.3922851558110803 0.42627692222595215
750594.5939291595 100.00007912788531 0.3735976219177246
750593.0782587879 99.99987719843055 0.3751225471496582
25820.342803363223 3.4399879033623 0.42008090019226074
750596.8260302246 100.00037650583731 0.37650156021118164
48243.35982407816 6.4273575093963125 0.43553900718688965
7691.758093480952 1.0247561389354234 0.46404361724853516
269934.4289654186 35.962774677844294 0.40994691848754883
153.25731687538791 0.020418137751619107 0.460385799407959
682695.4287332094 90.95402157933708 0.5120449066162109
4484.631383255706 0.597477648802909 0.4254598617553711
10614.41737039038 1.4141356539474574 0.4335591793060303
1984.1920224661008 0.2643495714682106 0.43273091316223145
21022.934272458195 2.800839638001129 0.4283268451690674
68610.77318188292 9.140863527004335 0.4431920051574707
