3330415.1667504176 55.4956815703223 3.2686731815338135
2001339.9344799453 33.34891241990073 3.235731363296509
3038298.570334092 50.62805732396009 3.232776641845703
1831472.2014621254 30.518356723798856 3.2673747539520264
1329495.440930033 22.15377121016383 3.274155855178833
224015.92751216888 3.732842891184017 3.463914632797241
406531.81465460267 6.774158477151755 3.3984439373016357
52301.353950589895 0.8715127511777181 3.4296746253967285
67875.9712436311 1.1310371523704965 3.3448688983917236
6001215.882602258 100.00001470705944 3.0137269496917725
233347.41374544427 3.888336174348765 3.400780439376831
6001213.1930976305 99.99996989105757 3.0495197772979736
6001214.2048968 99.99998675096293 2.9892513751983643
196811.98291504104 3.2795356092898027 3.37066388130188
1112545.0954164825 18.538664177445444 3.408973455429077
5953.0148240327835 0.09919682637653847 3.414517879486084
6001208.580834219 99.99989303556394 3.001549005508423
128125.38896275591 2.134990813739483 3.4238781929016113
1669265.7050911402 27.815462453705464 3.3395535945892334
2003906.9359253896 33.391687115448946 3.262690305709839
793275.4743905477 13.218581143827505 3.278592109680176
64909.65196353663 1.0816085070029422 3.3498024940490723
6001222.6783421375 100.0001279464598 3.0282177925109863
6001210.177079453 99.99991963426494 3.0105538368225098
53330.874827093445 0.8886679585232898 3.3601438999176025
6001213.051397136 99.99996752986081 3.0074193477630615
107060.38925270922 1.7839785652190303 3.4095749855041504
1408279.576374419 23.466574291612933 3.30141282081604
6001219.338186222 100.00007228846528 2.9868624210357666
2001.8019531564787 0.033356611172178946 3.3421082496643066
