35845.444139517844 0.597303115111154 3.454371213912964
52284.19027735572 0.8712267478728177 3.34181547164917
2091479.374282875 34.85093225759909 3.2564635276794434
1130118.3554416345 18.831492546786517 3.2973899841308594
4651714.31510322 77.51287556108588 3.2952029705047607
3434372.0308318413 57.22794518829672 3.23642897605896
4904.9053736031055 0.08173187218926677 3.3815715312957764
631873.9036844289 10.529099585407769 3.320068597793579
19190.017848616466 0.3197688776125579 3.418163776397705
738596.9113039942 12.307456261840215 3.307476282119751
117010.54224768747 1.9497808735012403 3.4060399532318115
47763.00640716683 0.7958889392759105 3.493427038192749
42044.50332256127 0.7005998505729468 3.3861308097839355
111.87821257673204 0.0018642593637577065 3.368089437484741
3711818.107393893 61.85111027340119 3.235685110092163
49562.46208593622 0.825873795322051 3.397041082382202
1283.8545181099325 0.021393243170090264 3.3862016201019287
1192278.80190319 19.867290238779812 3.2804453372955322
5160353.185868322 85.98847376520125 3.1935579776763916
2000509.217733296 33.3350699438913 3.2546300888061523
396.67445789836347 0.00660990245972463 3.3906667232513428
107023.11327140871 1.783357424644988 3.3909270763397217
1831048.2067789575 30.5112915764384 3.225722074508667
830009.462083485 13.830690319934963 3.2754063606262207
1059341.3794836607 17.6521151047523 3.3040544986724854
2552.0562291899696 0.042525659040543784 3.4864561557769775
1103.368409696035 0.01838575038048187 3.3737597465515137
33671.285291651264 0.5610744706138884 3.431432008743286
3712435.255561723 61.86139399374498 3.348327159881592
13203.697106693871 0.2200170649892375 3.3173739910125732
