2795818.3141756724 46.58753792649776 22.260432243347168
6001213.896395385 99.99998161031367 3.009086847305298
22520053.493496906 375.25823509900755 11.527942895889282
6001216.706331634 100.00002843310287 3.0522031784057617
31796953.90719655 529.8419387940033 58.862318992614746
1383341.4025808908 23.051022211017116 5.123780012130737
6001214.71313021 99.99999521980482 2.9996166229248047
26773204.908937853 446.1297405431709 20.13682198524475
8866769.342493264 147.74956975367928 8.041584253311157
6001216.626004938 100.00002709459565 3.154141664505005
6001216.210095263 100.00002016417113 3.023664712905884
40143783.475425184 668.9276000847359 55.25594401359558
6001214.301365539 99.99998835844974 2.987685441970825
215818815.9938816 3596.252025529524 30.04175329208374
285535.7952682404 4.75796643293467 3.583451509475708
1929099.799396417 32.14515392960288 6.561902284622192
6001215.2172921235 100.00000362080218 3.086455821990967
6001217.498065091 100.00004162598893 3.0085573196411133
6001213.38901933 99.99997315575813 2.9936506748199463
60328890.50816844 1005.2779396866874 24.22028422355652
15533513.148257932 258.83947081145953 44.61848521232605
6913925.156061252 115.20875616123153 5.819823265075684
6001217.466929914 100.00004110717438 3.00636625289917
7039790.319011619 117.30608416814961 9.103936672210693
7504555.7591919005 125.05060657203417 5.383525609970093
6001217.680260592 100.00004466196582 3.034106492996216
6001219.754840576 100.00007923129859 3.0302796363830566
6001222.247345861 100.00012076464284 3.0200209617614746
6001214.766503042 99.99999610917192 3.0129733085632324
23473330.981164098 391.1429765666469 50.024741649627686
