11397.19850619603 0.18991485067933792 3.427550792694092
174.457278448157 0.002907032633361028 3.4188029766082764
7282.084141749889 0.12134349697102817 3.4587883949279785
1294.9635429726914 0.021578356099101453 3.377357006072998
8281.825748739764 0.1380024836427251 3.461522102355957
6670.067448278889 0.1111452838846615 3.4104461669921875
20832.049556660466 0.3471305320116087 3.381063938140869
38022.87430713698 0.6335862705658268 3.3592517375946045
17426.1540525686 0.29037709951349183 3.492765426635742
26480.043605860323 0.4412447080442931 3.4391164779663086
42957.05247251224 0.7158059238422926 3.408684253692627
12884.140733284876 0.21469220371682862 3.3362326622009277
13057.084508094937 0.2175740163965953 3.3583593368530273
2384.2287981985137 0.03972910149358944 3.3886027336120605
9922.258687179536 0.16533749727646047 3.414402723312378
32638.902492585592 0.5438715742159811 3.466510057449341
12788.276624254882 0.2130947920421928 3.4271795749664307
15086.178694993258 0.2513854060384982 3.4445137977600098
9960.053423102014 0.16596728201042646 3.576458215713501
54004.83697988652 0.8998983869080931 3.422691583633423
11232.915962067433 0.18717736261852697 3.3839128017425537
33435.57522577699 0.5571467648763958 3.3764262199401855
35548.18509365432 0.5923498007262583 3.4040777683258057
18705.553395456634 0.3116961047963893 3.4790310859680176
7462.9212609846145 0.12435683875656205 3.5026493072509766
5237.47226708848 0.0872735315613335 3.417125940322876
29567.916239704937 0.49269883248150476 3.3680577278137207
25451.224505258724 0.42410119459573975 3.322899341583252
4016.511154923588 0.06692829960139052 3.574305295944214
21032.5744085256 0.35047193624167106 3.457444667816162
