6001214.132297151 99.99998554121376 2.9944989681243896
16120.603151075542 0.26862232316415163 3.34492564201355
224213.94760009553 3.7361425578003047 3.378236770629883
151400.26435296517 2.522826866775564 3.392564535140991
1178308.5490007624 19.634499830463707 3.41662335395813
306038.66851027217 5.099611803780937 3.399780750274658
6001219.109235448 100.00006847339161 2.9892709255218506
11268.973389516585 0.18777819807349988 3.4332447052001953
6001213.431017192 99.99997385558078 2.9845752716064453
25923.7504735291 0.43197503294797973 3.4157779216766357
6001218.049376525 100.00005081265253 3.0624923706054688
256597.19855878036 4.27575413576718 3.422151803970337
6001213.3117703805 99.99997186853629 3.032904624938965
97859.61114160903 1.6306633097066017 3.4279067516326904
6001205.271036689 99.9998378834401 3.011522054672241
6001215.592124615 100.00000986674557 3.0264222621917725
45032.41389923729 0.7503882780276542 3.3664023876190186
105505.95365638472 1.7580765504382816 3.37249755859375
4822.530384130776 0.08035923365736398 3.3475921154022217
1861994.9816146353 31.02696673281386 3.48052716255188
706263.7870927155 11.768679960519918 3.4334747791290283
2863213.0408413094 47.7105559597733 3.246817111968994
342140.3544214815 5.7011847504460595 3.4169514179229736
315982.270375276 5.265304948669161 3.3931097984313965
11243.975034192204 0.1873616431704614 3.3375461101531982
451688.166493047 7.526611969293668 3.4690420627593994
6001204.7782148225 99.99982967140525 3.069335699081421
5317892.746398097 88.61360151899402 3.2427566051483154
922553.709016134 15.37278216188112 3.2611074447631836
23311.986399787478 0.3884544446380854 3.3703014850616455
