4650.23681180086 0.0774882554916106 3.4511606693267822
1830219.201803526 30.497477624173204 3.282965660095215
7596.875988170505 0.12658896553732044 3.4221031665802
2666500.3779639634 44.43267534930782 3.203810453414917
2532.0021862210706 0.04219149265975424 3.425161123275757
6658.978020355105 0.11096049750517363 3.4131860733032227
2075.897630624473 0.03459128910769691 3.3741185665130615
4835.346993762068 0.08057280057058559 3.383610725402832
831805.5140646175 13.860618459172308 3.3424794673919678
5200.031425776891 0.08664964387672983 3.3965747356414795
947543.3704587547 15.789192196226177 3.280184507369995
478811.71403903514 7.978579571620665 3.3657095432281494
199085.95574164484 3.31742748329538 3.320746898651123
2000687.0255349865 33.338032807272974 3.31361985206604
239660.7382853087 3.99353694685674 3.2916481494903564
738761.7023668708 12.310202223497589 3.3124403953552246
804.9037034027278 0.013412345723369816 3.495054244995117
2373765.086313469 39.55474160338313 3.2720439434051514
1924751.019523759 32.07268893921913 3.2549076080322266
2830.8895473824814 0.04717194013849665 3.395537853240967
7493.251944432966 0.1248622478020362 3.433713674545288
101652.21085862629 1.6938605075576578 3.299391746520996
31687.045974933542 0.5280105107871247 3.487239360809326
13718.746770350263 0.2285994881094955 3.433563709259033
2132.631455638446 0.03553666142003654 3.4459385871887207
1537.4206575229764 0.025618489881182 3.554757595062256
239422.53893720452 3.9895677614817084 3.2936015129089355
687422.5595563417 11.454723077849097 3.2891132831573486
687363.1967808623 11.453733898566579 3.299905776977539
2460.6629516799003 0.041002746138571945 3.3744711875915527
