354591.7850852553 5.90866657977185 3.378990411758423
16174.751673885621 0.26952461583005477 4.196671724319458
243769.1062558284 4.061995883430745 3.348647117614746
32356.819700012915 0.5391711461764479 3.5300910472869873
307623.2003932353 5.126015321784594 3.435070514678955
8661.485286308452 0.14432886151068497 3.45519757270813
24993.815300152637 0.4164792512874916 3.5277905464172363
6130.0340508380905 0.10214654950436021 3.439720869064331
13058.859245600179 0.21760358936648963 3.3538496494293213
833574.5659092767 13.890096687242112 3.261855125427246
481766.3853517547 8.02781412350257 3.3771371841430664
1718.9635391626507 0.028643591991999135 3.3528318405151367
76601.57140424661 1.2764343787757415 3.3295061588287354
180417.77211955842 3.0063540819577104 3.2889208793640137
180199.26478801668 3.00271303041162 3.2952873706817627
6223.988520323299 0.10371214029697817 3.3485682010650635
11971.701835841872 0.1994879676172554 3.409332275390625
18613.076472751796 0.31015513479773343 3.3478097915649414
4199.27867651172 0.06997380824569224 3.380120038986206
16071.434142201208 0.26780300559472053 3.453998327255249
2531.62341091875 0.04218518101615673 3.3338286876678467
354591.7684760075 5.9086663030071 3.3735344409942627
8356.046653707512 0.1392392482806817 3.391916275024414
5214.92325968761 0.08689779085881126 3.361239433288574
71343.36534970347 1.1888153540525288 3.3639981746673584
1078.953142505139 0.017978911645477443 3.430910110473633
967.8306956812739 0.01612724582740785 3.4818780422210693
10268.036568311974 0.171099295197922 3.5342185497283936
308046.62458535377 5.133070962885912 3.391350507736206
2564921.864397487 42.74004288127466 3.5148611068725586
