6001213.51091014 99.99997518686034 3.1427881717681885
3040322.8651664834 50.661788740554755 3.280424118041992
6001217.4829621725 100.00004137432457 3.0712244510650635
167431.4802063154 2.7899597032653456 3.445300340652466
6001214.476655517 99.99999127935789 3.1134324073791504
451628.8979840111 7.525624360800457 3.6656100749969482
6001217.252860395 100.00003754007139 3.0252931118011475
54104.56429043971 0.9015601722391168 3.3713417053222656
6001215.456757688 100.0000076110869 3.048157215118408
311142.08382965904 5.184651505231175 3.548098087310791
610040.3405690119 10.165280540174146 3.716850519180298
1889004.8905809075 31.477040742264816 3.9803531169891357
236715.0112564424 3.944451436191545 3.8498599529266357
101789.04951257259 1.6961406900531408 3.691358804702759
129839.33987556957 2.1635508788731874 3.404390335083008
6001211.921340633 99.99994869939893 3.01245379447937
3473.06258995831 0.05787265728620471 3.4584219455718994
6001213.880695462 99.99998134870125 3.039067029953003
1576788.83102132 26.27449326546908 3.2283384799957275
6001216.352180656 100.00002253178157 3.0405690670013428
6001213.099107498 99.99996832487253 3.0676920413970947
6001211.422337985 99.99994038437191 3.006118059158325
28728.281531088054 0.47870775386464326 3.4772841930389404
6001212.669762747 99.99996117057542 3.032029628753662
6001215.827758597 100.00001379318351 2.997929573059082
431623.730484128 7.192272406239869 3.4440386295318604
6001227.090355497 100.00020146512827 2.99548602104187
230053.07440779265 3.833441634865484 3.536618232727051
123366.36454130709 2.0556897985042544 3.7281761169433594
6001220.941035089 100.00009899720455 2.997422218322754
