20699.233111018315 0.34491737274899026 3.417311906814575
198411.39887784515 3.30618714506721 3.268047332763672
28955.62830037903 0.482496099546159 3.415806770324707
53061.11812623404 0.8841729237535073 3.357187509536743
4264104.882254519 71.05402626392353 3.230851650238037
3040668.484855997 50.66754790248304 3.284008741378784
70723.36042448692 1.178484030725227 3.4418442249298096
6001826.036780867 100.01018188451616 3.1862971782684326
22259.73756390065 0.370920514660792 3.3728644847869873
78348.09023082256 1.3055371325776957 3.3857908248901367
3526865.1686975863 58.76918538491932 3.3315415382385254
6001213.014818983 99.99996692034834 3.1529123783111572
37532.8862492349 0.6254214563090124 3.393179178237915
5640026.2524808 93.9814063065696 3.2096197605133057
18421.050334475935 0.3069553471168078 3.378049612045288
96110.13059217669 1.6015112038508317 3.4416515827178955
1740873.9032631246 29.008690794499525 3.272937297821045
1665577.9322786974 27.754012017211473 3.242311716079712
52886.99985187687 0.8812715400444222 3.449570655822754
2560.9077186472714 0.04267315399710344 3.446056365966797
6001214.174034657 99.999986236698 2.995347023010254
41187.99456009362 0.6863275946636409 3.3710439205169678
9232.233191058971 0.15383940070567328 3.382488250732422
4340428.572047822 72.32583022017745 3.2547476291656494
34312.50652472302 0.5717593274815687 3.378660202026367
20082.452217104845 0.3346397723978369 3.4093844890594482
3435189.6322738384 57.24156912015047 3.2686409950256348
333007.4851574311 5.549001079905171 3.33628511428833
2000423.361295815 33.33363929297343 3.2779030799865723
1275.0165616376325 0.021245973717616058 3.4094269275665283
6001218.423695265 100.00005705003512 3.0563392639160156
6001224.96430137 100.00016603806678 3.1312015056610107
78255.25429584458 1.3039901802525753 3.472259759902954
71923.11048689671 1.1984758167620508 3.4148333072662354
1067372.4929400906 17.785939896172533 3.43764066696167
25906.57977376692 0.431688912557989 3.4637653827667236
4651757.503328817 77.51359521911509 3.332477569580078
3713242.4611858674 61.87484469704664 3.2946407794952393
167276.33623271994 2.787374493876989 3.5034353733062744
632250.8931832435 10.535381471639385 3.3476383686065674
6001214.712801746 99.99999521433153 3.078467845916748
6001216.489193881 100.000024814873 3.1165473461151123
18693.688599858433 0.3114983982386639 3.42824649810791
720801.091411558 12.010919312365212 3.6266047954559326
184.1955051170662 0.0030693035513152953 3.375257968902588
3964.8980089556426 0.06606825466102519 3.4280078411102295
18902.840289755724 0.31498355399291184 3.5355541706085205
7998.161384711042 0.13327570141564737 3.4987149238586426
1195827.5681491923 19.92642436821864 3.342176675796509
4036.649775588885 0.06726387532506142 3.4149394035339355
3789637.1441414603 63.147831633118635 3.2770276069641113
1133289.29563737 18.884330850292315 3.353811502456665
59378.87110062409 0.9894474885606347 3.4242258071899414
13277.230828376487 0.22124237889121598 3.3471570014953613
7411.031985462643 0.1234921925887115 3.3999178409576416
6001217.523501337 100.00004204984052 3.028428554534912
6001215.948977497 100.00001581308948 3.144896984100342
37729.61069120839 0.6286995331980006 3.443903684616089
1667543.3626634367 27.786762558305888 3.3188636302948
3423.561867224984 0.0570478122717647 3.5505006313323975
2600.4179095653817 0.043331523859174874 3.4113705158233643
295993.5567055149 4.932227169090174 3.715039014816284
2170.714487497695 0.03617125011348027 3.729727029800415
34074.509854692034 0.567793519390524 3.544499158859253
91083.15986234695 1.5177453209449578 3.394611358642578
2283563.3032829394 38.051682922257235 3.3817989826202393
1577058.2353130504 26.278982427942516 3.4327468872070312
95769.40570778027 1.5958336054912259 3.6122946739196777
38708.271002843976 0.645007236082093 3.6483678817749023
2467947.567316281 41.12413181857809 3.248283863067627
445162.8290634081 7.41787836402142 3.2929201126098633
306452.0265075974 5.106499708935564 3.2962756156921387
7423.550483656116 0.12370079198389186 3.368248701095581
78158.82987497002 1.3023834319378662 3.3662028312683105
124285.30734671094 2.0710024111235965 3.435680389404297
93633.3410652671 1.5602397358746036 3.3483834266662598
1334992.547882447 22.24537111039093 3.287104606628418
7891.26914208848 0.13149452472688414 3.404989719390869
5001221.390271439 83.33681413299539 3.2931973934173584
16840.48537352681 0.28061793109440025 3.367631196975708
121909.30507519376 2.031410390649123 3.357790946960449
6001214.379178935 99.99998965507709 3.036930561065674
19588.285490438342 0.3264053277617673 3.382631778717041
51608.68214987591 0.8599705584598436 3.390964984893799
6001216.571124898 100.0000261801135 3.0584146976470947
6001215.755410048 100.00001258761849 3.0739002227783203
354968.71662007924 5.914947500132544 3.319382905960083
628977.1143081672 10.480829537154847 3.307738780975342
6001208.182432821 99.99988639688499 3.006847858428955
6001215.455336034 100.00000758739746 3.046588897705078
