6001211.3214327805 99.99993870295899 2.9994306564331055
6260654.221051734 104.32311158743244 4.8084022998809814
6001211.4050263185 99.99994009590255 3.041294813156128
13108706.126778306 218.43420252029472 6.168764352798462
6001215.149852206 100.00000249703112 3.0428073406219482
6001213.229332008 99.9999704948416 3.0196244716644287
557421.743852728 9.288481480045759 4.7593629360198975
1022737.4873654479 17.04217374923991 7.430550813674927
848542.7270910097 14.13951553295474 3.5346267223358154
1702447.3258542297 28.368377501126517 3.5998082160949707
6001215.181849885 100.00000303021778 3.0319573879241943
6001219.503561045 100.00007504415431 3.00114369392395
944015.9769795462 15.730414207448762 4.409556865692139
6001213.904694184 99.99998174859897 3.0489189624786377
1995187.5969364475 33.24639422077775 6.230301380157471
6001216.056452684 100.00001760397991 3.0104775428771973
979581.9678841019 16.3230607116076 4.697103500366211
6001214.8067666385 99.999996780096 3.0832901000976562
1174986.6735821534 19.57914644921326 4.049296617507935
6001221.152017927 100.00010251287326 3.0107202529907227
6001214.849539934 99.99999749283994 3.076491355895996
6001214.6379399095 99.99999396688686 3.102342128753662
1943187.266471994 32.37989751195373 4.005415916442871
4368087.040866361 72.78671137205318 5.114368915557861
11612355.089237124 193.5000677235714 6.563960313796997
4797687.5512245055 79.94527026984545 4.690267086029053
6001214.332823899 99.99998888264957 3.010457992553711
998294.0750447894 16.63486602371002 3.987147808074951
6001214.832892738 99.99999721544285 3.043362855911255
4086958.6715189274 68.10218716574774 3.8362603187561035
