1150.7305333362892 0.01917495929301465 3.546596050262451
750.368215246126 0.012503604940768262 3.549255609512329
3644.328177759424 0.06072650584522341 3.379152536392212
77952.95807520021 1.2989529299516884 3.452751636505127
17468.164118540473 0.29107712552442255 3.6519997119903564
222892.59611675143 3.7141244917362806 3.3640027046203613
43.00410756468773 0.0007165900165997674 3.4668068885803223
12622.801749230362 0.2103374358230852 3.3534939289093018
42282.33757605776 0.7045629522697948 3.5193533897399902
13517.69920580741 0.22524937376526938 3.475179672241211
16154.225540691987 0.2691825828718349 3.3759045600891113
1375.7919084122404 0.022925222782590533 3.643273115158081
25694.42133942526 0.4281536545420429 3.419569492340088
3649.571370399557 0.06081387469703313 3.4593279361724854
477.54215273540467 0.007957424500462067 3.420297145843506
84817.72489631549 1.4133425464062774 3.352773427963257
43159.77840067912 0.7191840052502555 3.432511568069458
15725.922553961165 0.2620456449895757 3.480647563934326
806.023384258151 0.013431003292802392 3.5243420600891113
3997.286496192217 0.06660795349262136 3.420138120651245
12659.662677060813 0.21095166023981496 3.4845080375671387
2.8656483739614487 4.775113662752373e-05 3.440352439880371
44081.952233026735 0.7345504574161521 3.4075629711151123
66579.06274147332 1.1094263868478853 3.4237709045410156
163432.3802948743 2.72332153230428 3.450249195098877
42861.33470879868 0.7142109507624486 3.4536190032958984
790.0548670943826 0.013164915222907072 3.402000665664673
33409.39264472388 0.556710476873831 3.4921233654022217
15349.898924548179 0.2557798533221719 3.3942887783050537
61193.732151878066 1.0196890488322459 3.4263510704040527
