1655501.9735457432 27.586113371138065 3.559798002243042
4256853.3055440355 70.93319112119855 3.2487831115722656
6001180.987417506 99.99943323839433 3.022397994995117
6001180.569394757 99.99942627275905 3.012695074081421
119214.60551018827 1.9865078240021108 3.4186036586761475
6001244.931378393 100.00049875530861 3.0546069145202637
846249.9078783374 14.101309616108363 3.2456157207489014
1049696.9693829268 17.491407479700808 3.409698009490967
6001213.995330994 99.99998325890664 3.017028331756592
6001221.528689723 100.00010878946553 3.038198471069336
272822.1672999356 4.546115533270106 3.380753755569458
6001227.804606272 100.00021336689773 3.025970935821533
6001214.595529876 99.99999326019608 3.0100860595703125
85363.3533119876 1.4224345122110704 3.393512725830078
26985.954223930836 0.44967484457615386 3.418747901916504
219451.7228854159 3.6567882151433646 3.319584608078003
35992.28617422748 0.5997499868647846 3.362250566482544
6001236.914382324 100.00036516575932 3.070481061935425
6001208.839829535 99.99989735127862 3.047983169555664
6001233.265217417 100.00030435865766 3.0362558364868164
635646.425718206 10.591962222953285 3.2712597846984863
6001215.109122758 100.0000018183444 3.1128249168395996
477060.65376558155 7.9494011423616975 3.440786838531494
836666.7000656221 13.94162182267461 3.3572921752929688
56921.64970162697 0.9485020900205537 3.386436939239502
6001242.568735664 100.00045938590208 2.9989895820617676
6001153.865216756 99.99898129323405 2.9840309619903564
6001202.947938319 99.99979917297279 3.0378191471099854
41687.873950904235 0.694657231092441 3.41483473777771
129439.32397401799 2.1568852969609984 3.3990302085876465
