261438.17969528027 4.356420819705348 3.3562827110290527
214.444803442806 0.003573356452698429 3.407958507537842
5140.481679500081 0.08565734904515303 3.3764848709106445
3993.08569413051 0.0665379542997628 3.3849642276763916
960.1796879777685 0.015999754849272498 3.3448104858398438
738699.5603026124 12.30916673211362 3.306988000869751
6833.166790644638 0.11386305590858915 3.39255428314209
422.243076229468 0.007035959821960519 3.382946729660034
990.5366853363812 0.0165056023711262 3.377930164337158
21958.548716044985 0.3659017168364237 3.4309394359588623
26094.556666578166 0.43482122647794097 3.3950424194335938
2251.1980344587937 0.037512370985855255 3.375878095626831
355302.91884488706 5.920516409508526 3.2701661586761475
554386.6221985985 9.237906360605285 3.27396297454834
205.55580197833478 0.0034252364225966707 3.3612136840820312
83766.42287615687 1.3958243934962649 3.475701332092285
2679.911125299521 0.04465614255279174 3.363797187805176
3896.1410764101893 0.06492253779293342 3.4196131229400635
337637.30651421007 5.626149146701294 3.316328287124634
1334.6073823552579 0.02223895298460825 3.4054672718048096
4565.6327729271725 0.07607847365787049 3.4200541973114014
6523.397809725255 0.10870128481857849 3.527186393737793
593047.2731988551 9.882120090662559 3.3249244689941406
854.1117786355317 0.014232314266953136 3.3534436225891113
420286.71399488114 7.003360386103166 3.327216148376465
4974.755603633821 0.08289580699298094 3.3605141639709473
92948.33585834224 1.548825293850366 3.352632999420166
180861.3554535536 3.013745640733645 3.2958779335021973
61008.64183742739 1.0166048348114072 3.3302459716796875
26095.74968178384 0.4348411060390911 3.333577871322632
