31416.982036625966 1.0473475936736385 1.6877212524414062
18603.71003036294 0.6201916820332277 1.677614688873291
1406754.448744786 46.89695799121923 1.6374142169952393
267788.73367530527 8.927270146469573 1.64646577835083
205159.86762856971 6.839412309835636 1.7938268184661865
135470.77800807636 4.516187875539563 1.8096649646759033
36949.233073999174 1.2317761872551747 1.6841051578521729
2456260.9743557796 81.88434579511485 1.6519761085510254
2999669.602055496 99.99995339673904 1.540405511856079
29368.45117575908 0.9790557423050421 1.6887755393981934
2999667.744553019 99.99989147319886 1.4891271591186523
139350.08638168313 4.645512337242422 1.7254574298858643
2999670.794164293 99.99999313805723 1.5505859851837158
33047.292774782516 1.1016972452906508 1.7254610061645508
67623.65377367148 2.2543690215917507 1.6845390796661377
1598591.3839835278 53.29222384666611 1.6408653259277344
2999666.2105421596 99.99984033389528 1.5065159797668457
987745.2226790967 32.92845190952931 1.6268482208251953
1804216.9074507444 60.14715972020747 1.6180098056793213
759327.4731835965 25.31369184099178 1.6587071418762207
2709767.527270285 90.33549103452629 1.6017119884490967
1131176.0171719787 37.710002769369666 1.631760835647583
18746.88236284023 0.6249646165476224 1.6877386569976807
376618.7994107702 12.555336882303767 1.6448838710784912
30981.595118987374 1.0328331046633905 1.727400541305542
2999666.0807115836 99.99983600573475 1.5037386417388916
13506.737227920443 0.4502739543076705 1.717195987701416
2999662.0628484017 99.99970206227289 1.5262579917907715
280703.5949438745 9.357812738259447 1.7294998168945312
2999671.0962440264 100.00000320848608 1.5197641849517822
