1575290.9204945303 26.249533144447092 3.2456436157226562
3330342.2154997936 55.49446596230586 3.2764625549316406
835.5468687871471 0.013922961746698744 3.4526257514953613
355927.5213807095 5.930924344165465 3.316222667694092
8516.693834886886 0.14191615922587153 3.3812341690063477
12233.185877820477 0.2038451526535956 3.36357045173645
260931.75970774516 4.347982195401183 3.3697359561920166
7649.321696285158 0.1274628837041359 3.405641794204712
1131236.7507748073 18.850128695186015 3.281778335571289
9934.521426323801 0.1655418348838327 3.37278413772583
1336685.3611813597 22.273578953284623 3.2602193355560303
2001610.5775760752 33.353422224934036 3.2789316177368164
238.9210945367813 0.003981212046840203 3.3596231937408447
1061185.5051713418 17.68284431021621 3.2636735439300537
1481.4157181205228 0.024685263202876798 3.4595558643341064
31668.519781778567 0.5277018034144513 3.3879494667053223
1412194.0023013633 23.53180151521589 3.2723801136016846
1061463.1299825087 17.687470453608288 3.240908622741699
162387.6471577827 2.7059128386132256 3.338484764099121
2283663.2584926654 38.0533485051388 3.231125831604004
739219.7344654994 12.317834546262706 3.3643951416015625
112771.50318785477 1.8791445263643243 3.374441385269165
1497748.5804349883 24.957422462534474 3.2615387439727783
311.39456977602094 0.005188858752369661 3.448352575302124
239660.44916828256 3.9935321292152097 3.3188958168029785
1263506.9171297867 21.054185146337645 3.2687947750091553
2466189.7146067303 41.09484020497066 3.2334043979644775
40757.131590711884 0.6791479990420587 3.426438331604004
16249.049625930376 0.27076266432598023 3.3949131965637207
4135.14530148264 0.0689051350681927 3.3464531898498535
