28699.025058290455 1.9138054786236973 0.8403534889221191
9576.050473305862 0.6385825937350325 0.8448276519775391
20571.514603175456 1.3718193308372186 0.8870296478271484
1499574.0949172857 99.9996729026804 0.7684943675994873
1499579.8084505703 100.00005391183595 0.7627518177032471
1499581.3046727616 100.00015368798587 0.763918399810791
123416.93217316992 8.230105394458706 0.8659145832061768
1499577.4141116508 99.99989424442799 0.7623279094696045
94060.69612635672 6.272473549333295 0.8635013103485107
540752.4235234658 36.060282487515884 0.8243007659912109
41070.56631883257 2.738806446264756 0.9016456604003906
77331.63365005562 5.156889610354347 0.8561811447143555
1499582.2197968767 100.000214713388 0.7463927268981934
10752.517227331642 0.7170357298502875 0.842937707901001
25173.751333511667 1.6787212499982773 0.8793473243713379
1499578.236290057 99.99994907170992 0.7528009414672852
1499577.590560774 99.99990601100535 0.757286787033081
516225.5253032887 34.42469688514501 0.8135631084442139
106727.93648866843 7.117193324837734 0.8799028396606445
1499571.2265027624 99.99948162135922 0.7513425350189209
24092.784734939225 1.6066365783289325 0.8688201904296875
36817.801613587886 2.455209202955489 0.8504340648651123
77794.58672570856 5.187761813529568 0.845799446105957
13076.22205836 0.8719928765580205 0.8555986881256104
9065.645517063327 0.6045460437271613 0.8534536361694336
59229.84877059213 3.9497651521255053 0.8849911689758301
815676.7575416891 54.39371700601896 0.8226878643035889
1499581.0263006678 100.00013512463617 0.7676186561584473
3554.5906815710478 0.23703924111841043 0.8330039978027344
85637.48749975394 5.710768655719635 0.8793594837188721
