59632.65095036151 2.064373568550963 2.90311598777771
110417.57777401572 3.8224550716324726 2.423583745956421
21502.040277701337 0.7443614012087745 2.915050983428955
17174.11405921681 0.5945364923762749 2.924269437789917
123537.81047635386 4.276653588255364 2.424163341522217
566492.6100731376 19.61094052296769 2.2244627475738525
3893.267044582404 0.13477780132291295 2.891568899154663
855.5761292632669 0.029618484487708707 2.922205924987793
666726.3896161662 23.080851081477554 2.178535223007202
6920.3519201721065 0.2395699564147516 2.8956611156463623
1175.6023825686425 0.040697209448568555 2.914022922515869
363367.0449732989 12.57910408762064 2.2760555744171143
12178.475003295578 0.4215965834386503 2.9026265144348145
1613.090022021439 0.055842233274624564 2.9049575328826904
180158.90241756896 6.236772478881838 2.353987693786621
1651.0373090365902 0.0571558991114411 3.009688377380371
831223.1855841356 28.775430012578013 2.1238558292388916
2730.2795043531805 0.09451729469875196 2.9007484912872314
2888376.1162853353 99.99031093648172 1.7734215259552002
2557.6899776686914 0.08854256019646131 2.891538381576538
520480.0228714566 18.018068709858724 2.2114744186401367
4186.05516016623 0.1449135916552968 2.9154605865478516
520403.63403243246 18.015424267632852 2.2255618572235107
567.3734853207134 0.019641434816769922 2.923708915710449
303342.86022469914 10.501176333377845 2.300431251525879
35700.68950940948 1.235892730370438 2.53623628616333
1784.3768740519881 0.06177187155729128 2.9005565643310547
566385.6672631782 19.607238358017646 2.191823959350586
1714.38553347392 0.05934889905457486 2.89986515045166
6074.052410024684 0.2102726115544628 2.902496576309204
