169.54873210843652 0.005869467742383881 3.0128982067108154
6497.030512630008 0.2249153416893534 2.776458263397217
3187.993523346726 0.11036251887890859 2.8157408237457275
2647.9692276436836 0.0916678631046301 3.016634225845337
835.4103152267635 0.028920380800855603 2.8897855281829834
169.72762508364394 0.005875660690772592 2.8729472160339355
3024.88141636597 0.10471587535400442 2.961560010910034
251.51662723207846 0.008707046710722165 2.9410393238067627
547.3565394687466 0.018948484674836556 3.034517765045166
12468.463003559504 0.43163543888782546 2.7629897594451904
6577.350674744695 0.22769587914741996 2.7353098392486572
465.37796994205564 0.016110536178141517 2.8563942909240723
430.6831913590431 0.014909466248630614 2.9024546146392822
7316.98007292999 0.2533004993647561 2.6953439712524414
43.27569390879944 0.0014981255611190617 2.920473575592041
38.742384082172066 0.0013411906465211525 2.8906431198120117
7423.946501326282 0.25700348194199246 2.696014881134033
9600.147342637647 0.33233958431317706 2.6758010387420654
1808.7978882258758 0.06261728250874718 2.817613363265991
3486.7913079201244 0.1207063529863066 2.7710530757904053
3785.077349719126 0.1310324714925947 2.7389731407165527
10641.905601546634 0.3684033544162626 2.689149856567383
9852.242736316286 0.3410666668622462 2.7045071125030518
9262.618486684747 0.3206549511843829 2.6779189109802246
640.3514320389368 0.022167798174616043 2.9244847297668457
3655.9017068673857 0.12656064643444515 2.8156449794769287
439.3170456276275 0.01520835452984459 2.901768207550049
12402.042977447156 0.42933609877559514 2.6550848484039307
707.7734789275564 0.024501826417806637 2.897240161895752
1739.4708860185929 0.060217308188257546 2.8231606483459473
