4207.2999763274565 0.1456490484269313 2.8989505767822266
1206184.2026114627 41.75589625803359 2.066807270050049
92288.70544927288 3.194866590181485 2.9299001693725586
19338.131905546412 0.6694508416906136 2.94732928276062
14377.552741033956 0.49772464222233304 2.88889741897583
21893.090238134842 0.75789883731863 2.8911027908325195
27894.16971120797 0.9656452589442277 2.9259068965911865
2888373.4813753115 99.99021972070442 1.8067941665649414
773247.4964586506 26.768417439066837 2.124598741531372
2840187.601523564 98.3221124814988 1.8434245586395264
952036.665683771 32.95777225407841 2.099583864212036
614766.6162899379 21.282098536133685 2.182803153991699
614681.3791437051 21.279147781657116 2.1681272983551025
666427.0788855623 23.07048949011451 2.2345097064971924
56877.60391880246 1.9689988672518453 2.93436861038208
1010189.5033755596 34.97091738772494 2.0923049449920654
397938.5712402449 13.775907246838837 2.238687753677368
92664.42243754631 3.207873226772115 2.9940898418426514
2888374.5422873963 99.99025644754502 1.7644360065460205
2497710.5907622576 86.46618326177494 1.8456101417541504
397899.8306351467 13.774566117777495 2.229384183883667
2888377.0915887402 99.99034469970603 1.7998826503753662
10226.209397641476 0.35401271032762216 2.9154562950134277
773231.9714696337 26.76787999227439 2.1469838619232178
18329.014325158205 0.6345170323208511 2.8738245964050293
135297.57040472794 4.683755019799102 2.9365992546081543
31044.40233147191 1.0747005642579772 2.8756580352783203
1579.5618091290817 0.054681547720776776 2.8928213119506836
11001.67465905752 0.3808579027429199 2.8929591178894043
2888377.546437137 99.99036044572759 1.7524487972259521
