281.9541631572647 0.03897775462103381 0.659311056137085
723307.3254230776 99.99105929218682 0.39095115661621094
369133.02867037203 51.02948810160913 0.4453551769256592
9362.584132893011 1.29429728174342 0.6797947883605957
723308.9300268336 99.99128111494964 0.3819301128387451
35568.40745496447 4.9170285074573625 0.6792564392089844
110965.22759692615 15.339994856992828 0.7001559734344482
723310.6709178997 99.99152177826896 0.3811628818511963
723308.9417303429 99.99128273285984 0.38100576400756836
16016.011997754802 2.214076850880985 0.6526212692260742
9653.595533570391 1.334527122085233 0.661247968673706
723314.4884272583 99.99204951632885 0.3870413303375244
48704.62933066278 6.73299897295759 0.6597380638122559
19041.10242400749 2.632269762170431 0.6845731735229492
3186.789969795267 0.4405464919564577 0.6501672267913818
57628.783262441866 7.966687024441348 0.6930041313171387
103447.14609503397 14.300684308355033 0.6813256740570068
60836.6179930903 8.410142774822678 0.6848235130310059
9262.217940530856 1.2804225129713143 0.706263542175293
723303.6730200931 99.99055437867281 0.3829820156097412
15444.066688764724 2.1350102974354446 0.6676793098449707
8934.801576146041 1.2351599973659528 0.6839792728424072
723308.2197168514 99.99118292066204 0.37828803062438965
57647.65741361363 7.969296214618983 0.6552209854125977
723311.7756012187 99.99167449130167 0.38117051124572754
155953.50966439513 21.559240565628077 0.704207181930542
723315.1181737753 99.99213657340556 0.38088083267211914
46064.00474234647 6.367955179678847 0.6652944087982178
2936.3709060774418 0.40592819546200876 0.5856029987335205
723311.6250565816 99.99165367979153 0.38974547386169434
