2888379.872763076 99.99044097888692 1.7812204360961914
2888378.1225530817 99.99038038981041 1.7572429180145264
2888373.806509072 99.99023097624196 1.7823257446289062
42475405.12264937 1470.4210235711478 36.671791553497314
2888379.801902667 99.99043852582888 1.764721155166626
12247760.933341239 423.9951359158459 14.430139780044556
513941.4077045438 17.791713783314584 3.0988121032714844
2888382.5641922653 99.99053415125461 1.7700178623199463
32091596.616433002 1110.952519664266 14.96665334701538
2888376.104508218 99.9903105287794 1.7739298343658447
2888356.4457573225 99.9896299786933 1.8042175769805908
2888380.7639273163 99.9904718293669 1.7954497337341309
90315336.27605328 3126.5521500674804 15.473129749298096
2888368.74401803 99.99005572203924 1.7827842235565186
2888375.233820237 99.9902803871502 1.7625625133514404
2964230.2944569304 102.61624417919373 19.971495389938354
1338987.6555199986 46.35330948094888 4.39869499206543
3968450.3342905995 137.38050963114333 52.21510624885559
29718026.649102557 1028.7838582753557 24.990328073501587
40935867.08570389 1417.125025814908 26.259686946868896
2888376.0238282047 99.99030773578455 1.7838411331176758
16787793.782410137 581.1627892836716 28.00503921508789
2888373.1547854133 99.99020841475806 1.7755720615386963
2888377.903349486 99.9903728013819 1.7477178573608398
2888375.604774902 99.99029322892383 1.7436223030090332
2888379.7909968724 99.99043814829015 1.7678921222686768
2888377.1125892564 99.99034542670559 1.7623815536499023
214576.32114118105 7.428240716138614 4.143608093261719
162700.26877459697 5.6323864376581 10.272448778152466
44039654.62028189 1524.572487007172 16.78801965713501
