10039.09020611277 2.772111304863997 0.3211355209350586
57803.12980335846 15.96127799378109 0.3313767910003662
362109.9143435291 99.99003560539923 0.18993163108825684
362108.8742860932 99.98974841254446 0.1893916130065918
362109.982991931 99.99005456140094 0.1885237693786621
81647.77380660677 22.54554069535678 0.3191969394683838
11512.884551094612 3.1790726809338254 0.3234734535217285
80819.32712942373 22.31678028458791 0.34602832794189453
362109.4666065065 99.98991197100244 0.18962430953979492
26281.306287803396 7.25710246359297 0.35282373428344727
329965.11576729803 91.11383689652737 0.3693509101867676
362109.24735811853 99.98985142956668 0.18604755401611328
16415.084888035606 4.532725720575571 0.31670451164245605
362113.9985272238 99.99116337809167 0.18490314483642578
362104.1287338002 99.98843801499953 0.18593430519104004
362110.67742096976 99.9902463152899 0.18896842002868652
24360.620544660953 6.726740194468793 0.31697964668273926
77728.9381109802 21.463425831289097 0.3457341194152832
362101.4306069421 99.98769297657356 0.18817615509033203
85047.04060619755 23.484186103449314 0.32126832008361816
362113.84948838403 99.99112222373961 0.1862483024597168
225653.85222831042 62.31018766693831 0.34627842903137207
84847.80593902327 23.429171090947648 0.34961390495300293
8175.002301474218 2.2573774945668923 0.3135385513305664
121702.91516317092 33.60603600845265 0.23035621643066406
18349.424211104866 5.06685817628936 0.35979580879211426
362108.10571960075 99.98953618695244 0.1866140365600586
172955.40525525133 47.7584745531502 0.3635237216949463
362105.16826709744 99.98872506312301 0.18646788597106934
362116.22603718325 99.99177846426117 0.18841242790222168
