566563.9444508823 19.613409988966573 2.2075154781341553
160205.1312102722 5.546009327876778 2.9030470848083496
50.94586130976677 0.0017636527613453029 2.872767448425293
124741.73988883942 4.31833142779339 2.9027323722839355
110015.3285608883 3.8085299378288138 2.899709939956665
170349.44218495302 5.897186864235583 2.9337146282196045
148849.33853630396 5.152892505590972 2.9213085174560547
2888356.8702963563 99.98964467546003 1.7491755485534668
2888375.6714696027 99.99029553777268 1.8057169914245605
33809.10101936106 1.1704093882885693 2.9030237197875977
2888384.2416491755 99.99059222175211 1.750345230102539
2888389.636401149 99.99077897822201 1.743978500366211
2888379.1008753073 99.99041425754078 1.7309069633483887
161315.28884925367 5.58444095971461 2.9762704372406006
70998.17615282675 2.4578273132150987 2.8835716247558594
1747125.2696479477 60.48228898311005 1.9374852180480957
482.8951846472919 0.01671695018885225 2.8882789611816406
15289.742312368471 0.5293029807761281 2.94842529296875
176739.44849113468 6.118397223176961 2.891183376312256
2888373.9709445317 99.99023666869753 1.7476744651794434
28393.49511212064 0.9829309932411696 2.9177780151367188
15917.7705982849 0.5510441741171292 2.8748977184295654
2888370.3776674015 99.99011227599969 1.7393162250518799
1952751.3243339695 67.60068780546973 1.9283535480499268
3201999.997194171 110.84739744691548 2.9282596111297607
10865.238950255793 0.37613474744849484 2.9042532444000244
11754.201776720583 0.40690901847504807 2.8949203491210938
2277097.098429299 78.8289466945631 1.8700635433197021
2888380.3710001567 99.99045822694556 1.7551045417785645
133656.06817023875 4.626929207570536 2.9029324054718018
