1444645.4678618077 99.9892350477199 0.7899470329284668
48293.72867471911 3.3425868804575236 1.460503339767456
1444641.3157081215 99.98894766186635 0.794259786605835
1444637.3255212286 99.98867148633124 0.8011660575866699
1444639.594383141 99.98882852262291 0.7822840213775635
1151.60491288919 0.07970681864763314 1.4043099880218506
9845.000735526904 0.6814087708637317 1.4331426620483398
1444652.2405150337 99.98970380800081 0.8012039661407471
1444639.380627986 99.98881372784115 0.7937357425689697
1444640.8384475918 99.9889146289068 0.7819645404815674
1444640.9136367477 99.98891983302529 0.7975573539733887
42149.04536201293 2.917290710763138 1.4327595233917236
24130.477758127498 1.6701592647103303 1.4390182495117188
1444642.546836323 99.98903287278476 0.7900612354278564
1444641.4587292233 99.9889575608837 0.785475492477417
78655.35942233144 5.444027199754945 1.4481878280639648
1444643.103380715 99.9890713932725 0.7852580547332764
187665.1009702396 12.988993014971584 1.448955774307251
119602.99879063433 8.278164175594723 1.4448010921478271
1176.0613142466173 0.08139953628538582 1.4238214492797852
1444639.4182100957 99.9888163290374 0.7824699878692627
35929.88638961478 2.4868398062857637 1.1885182857513428
1444640.326080968 99.98887916612516 0.784292459487915
1444639.7295383944 99.98883787721591 0.7936818599700928
109958.6659744326 7.6106443707079805 1.4449453353881836
1444636.7864470799 99.9886341750234 0.7905666828155518
1297774.585182105 89.82376017057747 0.8384315967559814
1110579.2099862576 76.86727860696784 0.8475611209869385
107451.66123859724 7.437125336887035 1.475731372833252
1444644.2690682241 99.98915207479952 0.7956993579864502
