2888371.4516840633 99.99014945649684 1.759446144104004
2888378.1797584086 99.99038237015444 1.7756447792053223
770418.4032882326 26.670479395547016 3.080820083618164
111459.44652465405 3.858522666757622 3.0736827850341797
154166.08382178517 5.336948526296837 2.9720351696014404
15010.908612705767 0.5196502668613281 2.919172763824463
44158.532838573214 1.5286878340159995 2.951979637145996
2888380.4000018756 99.99045923093216 1.7934691905975342
110403.38006977038 3.821963573017015 3.004772424697876
2888377.459838194 99.99035744783019 1.8148388862609863
2888376.4819525024 99.99032359521183 1.7760145664215088
129091.56994089065 4.4689146073776405 2.9657342433929443
2888374.599975324 99.99025844459581 1.749882698059082
2888376.5165522564 99.9903247929922 1.7839164733886719
2888377.9106773213 99.99037305505819 1.7487728595733643
2888370.015815198 99.99009974933665 1.7862117290496826
2888369.810654508 99.9900926470479 1.7736592292785645
260772.90539759956 9.027482171556585 3.013460397720337
2888377.8665135503 99.99037152618901 1.767956018447876
2888378.633221133 99.99039806820656 1.7650055885314941
60004.03993608663 2.0772303775903613 2.939714193344116
2888376.1153493053 99.99031090407807 1.747826099395752
2888377.5232103397 99.99035964165826 1.754310131072998
233110.3273083605 8.069854191996571 3.25232195854187
2888375.741169658 99.99029795066141 1.78562593460083
2888375.6727165184 99.99029558093862 1.7773044109344482
18246.85697467951 0.6316728947538064 2.9647326469421387
1301678.6724463357 45.06174056192 3.249885082244873
2888378.5953087984 99.99039675575071 1.771444320678711
1512840.6377728349 52.37178250968045 3.1108171939849854
