434503.3030342101 15.041711544545633 2.2612557411193848
1151.2113822186366 0.03985283752093141 2.9433634281158447
35440.83109310968 1.2268969061428456 2.539212703704834
434515.0640605851 15.042118689819247 2.2466671466827393
434498.4296412328 15.041542836572885 2.2386202812194824
3.6862280652858317 0.00012761048962859654 2.894256353378296
70.43689607270062 0.0024383968209679735 2.9055726528167725
16417.406558280345 0.5683406594028623 2.622659683227539
1978.9776256727055 0.06850859450459679 2.916348695755005
831259.2726424846 28.776679280692637 2.1381125450134277
348.96623444370925 0.012080574303195302 2.9540464878082275
421.647599441465 0.014596670543029874 2.958080291748047
2084.653923074715 0.07216691510081903 2.883445978164673
76814.45734067913 2.6591763553943126 2.447739839553833
154.23748663580045 0.005339420361434537 2.8688981533050537
59615.91186473379 2.0637940919491204 2.4938089847564697
2471.171479726676 0.08554744766170412 2.9322664737701416
159686.01440796675 5.5280384513755445 2.3409948348999023
2678.6354361297563 0.09272947128802309 2.8984291553497314
332151.08411010355 11.498464480024744 2.2658677101135254
4554.392566468567 0.15766476058307277 2.9248597621917725
2264.808617684059 0.0784035419130578 2.885399341583252
271939.22948937863 9.414039937236508 2.2995924949645996
247157.2492068708 8.556132997728728 2.2919998168945312
67100.65223182738 2.3229021465978428 2.4477689266204834
226.03316092211753 0.007824855604894371 2.905649423599243
520394.0954386755 18.015094058921363 2.201510190963745
303084.2044588085 10.49222214271303 2.2762904167175293
398009.07635128964 13.778348005137673 2.284916877746582
831254.0851186046 28.776499698081203 2.13750958442688
199564.64279647544 6.908563802559925 2.326953411102295
1647.1947835730389 0.05702287789106903 2.909355640411377
12855.970366130117 0.4450502367235877 2.9458277225494385
434498.7289731866 15.041553198898955 2.2287917137145996
1334.0555446664803 0.046182568802463166 2.9236068725585938
31.74820834910497 0.0010990650444049057 2.8870081901550293
87121.69152788911 3.01599399609677 2.452119827270508
5272.878401173744 0.18253742921184607 2.932279348373413
666528.6058925432 23.074004169847264 2.1776039600372314
614663.8038288285 21.27853935632448 2.215055465698242
867.0487383697182 0.03001564528174065 2.9373228549957275
271958.30339839077 9.414700241163738 2.327474355697632
40733.47498739883 1.410118580661693 2.5319292545318604
159672.3337459364 5.527564851818161 2.4025113582611084
9793.704632711131 0.33904018452564555 3.0759832859039307
27909.45272753341 0.9661743290836088 2.9956860542297363
1103.919478253927 0.03821567809576243 2.9264111518859863
541.7439652844332 0.018754187597430545 2.928246021270752
1782.8687608530745 0.0617196634300891 2.9197633266448975
1002.5079856789671 0.03470499726097421 2.939474582672119
332143.4825490918 11.49820132785253 2.3018782138824463
109428.76640065573 3.7882242260987713 2.436263084411621
4111.66342689842 0.14233828558673722 2.9334452152252197
1723.8980856039561 0.059678206252456366 2.809899091720581
2670.5055406773463 0.09244802914148816 2.9299099445343018
614689.915684436 21.279443301121212 2.20076322555542
59629.072588354815 2.0642496921874676 2.4728355407714844
76813.55494512385 2.659145116106724 2.454725503921509
20936.17931450205 0.7247723271480595 2.5978424549102783
363453.7126052645 12.582104362903182 2.2820188999176025
