2888374.075105677 99.99024027456633 1.7909116744995117
7760861.341273897 268.6668589570339 6.542563438415527
3849191.101130872 133.25197258278146 5.56052041053772
5714211.976821563 197.81559233157438 6.050359725952148
2888376.3505255845 99.99031904545174 1.7858519554138184
2835342.4716668874 98.15438292641586 5.714045763015747
2888373.7726581367 99.99022980438434 1.7516393661499023
2095407.3863751139 72.53918037921837 3.258321762084961
4434113.128306404 153.5009058990203 7.2346765995025635
2375212.4436282567 82.22552092143394 7.769193410873413
5097306.387423126 176.45944644925274 6.241533279418945
2888384.3363107196 99.99059549876203 1.7755577564239502
2888377.0305294194 99.99034258594376 1.769151210784912
4784294.15516855 165.6235340991987 3.9140148162841797
2888377.1434225887 99.99034649409928 1.756624698638916
2285730.7894537486 79.12782932456301 3.826700448989868
2888374.1161474665 99.99024169535821 1.8122830390930176
2888375.3322969144 99.99028379623307 1.7780132293701172
2888372.2663254905 99.99017765789662 1.7805593013763428
2888376.591492417 99.99032738728381 1.7597882747650146
2888377.3248120667 99.99035277347204 1.7716059684753418
2888378.463928143 99.99039220759215 1.7565314769744873
38769177.83858888 1342.1181974796887 8.769286394119263
3379911.4600824914 117.00636767003378 6.154816627502441
2888374.4753895584 99.99025413166395 1.7993125915527344
2888380.896563034 99.99047642097342 1.7752964496612549
2888375.26532249 99.9902814777007 1.7567939758300781
12655086.097779525 438.0959898921687 6.379047393798828
3524819.331427182 122.02281377315893 4.320156812667847
65332399.33411214 2261.6884576810853 11.78408932685852
