12311.06148116244 0.4261864853815214 2.9220471382141113
2888363.502909348 99.98987428441974 1.746835708618164
4866.5956560052 0.16847266188861534 2.876817464828491
43664.565559303854 1.5115875881137752 2.880798101425171
2888371.8568397164 99.9901634822463 1.751849889755249
2888362.0184638193 99.9898228956241 1.7324151992797852
2888379.505627555 99.99042826932507 1.7525355815887451
2888371.2344286605 99.9901419355112 1.7501509189605713
3726.051351779606 0.12898909914436354 2.940422296524048
2753.29956289893 0.09531420712258332 2.8909993171691895
2888364.9280436486 99.98992361996889 1.7603318691253662
2888391.602635122 99.99084704565452 1.7725822925567627
2888380.7248795554 99.99047047760466 1.7342751026153564
2888395.6982521494 99.99098882844302 1.7626545429229736
2888394.132160415 99.99093461320471 1.75321626663208
40263.81680964818 1.393859871499001 2.865783929824829
2888379.841490469 99.99043989628633 1.7851035594940186
2888372.8210575986 99.99019686171003 1.7321293354034424
2152830.9753935034 74.5270802543987 1.8966827392578125
2888412.1234595086 99.99155743915193 1.7361841201782227
2888345.7991763754 99.98926141348694 1.7563707828521729
1206402.6682430862 41.76345913958208 2.0412580966949463
25569.878149989527 0.8851825260601999 2.905146837234497
239999.48195327632 8.308344155665345 2.924668073654175
111506.04080478195 3.860135675718464 2.9303395748138428
204251.07648686972 7.070799585927494 2.8870880603790283
29392.23830258241 1.0175056601610717 2.874391794204712
6957.445987154264 0.24085408533083427 2.875880718231201
2888373.2205443615 99.99021069121285 1.7445096969604492
253232.4685453847 8.76644600621828 2.902064085006714
2888364.365167859 99.9899041342361 2.044416666030884
891256.4527805755 30.853672184592956 2.1314845085144043
2888374.075797293 99.99024029850881 1.8238277435302734
143473.19485012023 4.966780220632717 2.9707396030426025
2888371.1322174137 99.99013839714434 1.760176420211792
2888375.8225833727 99.99030076905568 1.7919397354125977
2888378.1168629862 99.99038019282969 1.7529358863830566
665788.1850538636 23.0483721514041 2.956233024597168
59627.77284162259 2.064204697327151 2.929748296737671
2888380.0365888616 99.9904466502367 1.765570878982544
144502.98683223687 5.002429740067245 2.918712854385376
79800.17165018665 2.7625363369742413 2.96189546585083
2888356.899963678 99.98964570248856 1.7638404369354248
2888368.7080688104 99.99005447754286 1.7644948959350586
2888389.7386766314 99.99078251881261 1.7536487579345703
37989.78653131006 1.3151370925201915 2.9223685264587402
152457.4744151556 5.277799586214336 2.940326452255249
2888384.038730032 99.9905851970616 1.7545838356018066
64573.85386544047 2.2354289976182855 2.9257380962371826
2888396.859520324 99.99102902942836 1.7874078750610352
2888348.4070695117 99.9893516939889 1.7868387699127197
60720.099906906486 2.102019067237722 2.9366421699523926
2888380.264818276 99.99045455112258 1.7723331451416016
2215152.02801085 76.68452138333016 1.9218688011169434
2388485.6850157008 82.68501631955141 2.9659829139709473
2888371.9208048596 99.99016569660284 1.7868702411651611
77551.95165156387 2.6847070627850416 2.911116361618042
2888403.1838683495 99.99124796681743 1.7701783180236816
583868.3341695811 20.212456386969617 2.9472784996032715
2888385.411122959 99.99063270680064 1.7639482021331787
