654562.6456513959 22.659764459713998 2.962855577468872
2888393.7548270947 99.99092155061366 1.7895469665527344
174296.80574374972 6.0338373881746294 2.970383405685425
1157536.457562854 40.071800088444384 3.027599811553955
2888346.758913378 99.98929463783082 1.7427051067352295
1135999.6510344362 39.326235143071244 2.9282820224761963
2888382.2604237525 99.99052363534295 1.8024170398712158
78044.46737581072 2.701757058500933 2.8796725273132324
2888370.156745419 99.99010462808376 1.7730433940887451
2888367.447099053 99.99001082507066 1.7446401119232178
20790.669192514848 0.7197350322265735 2.9289159774780273
5123.349681055639 0.1773610177555112 2.877563953399658
138896.76760209072 4.808352659579082 2.8846325874328613
792749.1165283541 27.44352794269564 2.958573818206787
246933.90458184294 8.548401214330918 2.9036850929260254
335061.3028883566 11.599210944063836 2.2829203605651855
146714.07617235556 5.078973618608639 2.9850945472717285
232652.7431138293 8.05401346210242 2.89749813079834
128769.41614337591 4.457762230718227 2.9177443981170654
969984.6662805274 33.579099286329956 2.8767881393432617
481131.9084910406 16.65590878564428 2.884819507598877
87553.00131107122 3.030925153811019 2.897876739501953
2888367.219325313 99.99000293995938 1.7403168678283691
93379.48588036187 3.2326274184382586 2.87488055229187
2888352.4484531726 99.98949159931722 1.803567886352539
959463.128943277 33.21486286159644 2.9331743717193604
398053.7406671974 13.779894202258678 2.2371203899383545
48549.10859578103 1.6806815555670536 2.872023820877075
8878.558598184958 0.3073594986105981 2.8472063541412354
1305804.7882178898 45.20457916130858 2.904407262802124
2888323.1049350686 99.98847578026144 1.7658376693725586
2888364.232951626 99.98989955715136 1.7909421920776367
889671.1895407997 30.798793263746177 2.9573557376861572
2391064.7981918277 82.77430051178915 1.8727741241455078
609210.2219192246 21.089746301367303 2.931380033493042
2888401.123984883 99.99117665741034 1.7781658172607422
2888368.7440368836 99.99005572269192 1.7748456001281738
2888358.744350613 99.98970955179894 1.7604246139526367
2888378.4264300377 99.99039090947616 1.7549610137939453
2888377.8046641075 99.99036938507415 1.749652624130249
3311.2028885642067 0.11462780229159189 2.9152612686157227
267887.17729535047 9.273765283763469 2.946946620941162
2888382.814313719 99.99054281000296 1.7685661315917969
60154.69332070276 2.0824457228795246 2.88500714302063
1139910.797283032 39.46163188981423 2.950429677963257
214426.6349414531 7.423058853025529 3.0684127807617188
478657.7176077096 16.57025681173908 2.922091245651245
1621074.654621738 56.11864668626995 2.936995267868042
2888361.853383045 99.98981718082891 1.763061285018921
58380.90818816656 2.0210405180875317 2.9262309074401855
2888413.8734764177 99.9916180215442 1.7997257709503174
2888374.0373678776 99.99023896815258 1.7637555599212646
22837.298405625857 0.7905856012493649 2.8986780643463135
386921.5954061877 13.394519645336366 2.9547979831695557
2888439.5030410853 99.9925052703086 1.7748103141784668
2888393.280000062 99.99090511296819 1.7592461109161377
1296479.6895152552 44.8817612590511 2.981621026992798
2888390.843136108 99.99082075318447 1.7139983177185059
100740.7729312121 3.487461744534901 2.8946754932403564
2714812.788173808 93.98186520561146 1.7960245609283447
