66977.13737071585 2.3186262874747237 2.4699275493621826
5079.031692339573 0.17582680984996388 2.9138824939727783
458.5066468408331 0.01587266350997949 2.9001834392547607
664.2232726840302 0.022994197740541976 2.892153263092041
843.1575613310561 0.029188576325151074 2.903334379196167
76974.06369049847 2.664701636002988 2.4786548614501953
643.4419315657578 0.02227478562922542 2.885551691055298
16.05689412727952 0.0005558603768423627 2.9102401733398438
46154.92231809627 1.5977991951307553 2.511850595474243
14686.712139263283 0.5084271764884183 2.693974256515503
24028.811884062365 0.8318336238050625 2.586989164352417
52668.68770952709 1.8232938677892794 2.511075735092163
2297.3248730045743 0.07952919534221362 2.880788803100586
1163.8002918390557 0.040288642601924766 2.9079318046569824
21066.04591482738 0.7292680718932051 2.598806858062744
59629.246839678846 2.0642557244503617 2.502764940261841
479.49552816618234 0.01659926028458156 2.89316725730896
127.39487235574052 0.004410178032820126 2.893846035003662
1235.078449558001 0.04275616236609694 2.900705099105835
311.3997579854913 0.010780091433022531 2.8913140296936035
4.670229967683554 0.000161674840053075 2.910537004470825
40880.7806381695 1.415218033513492 2.5234344005584717
86969.11824236624 3.0107121873413187 2.4402496814727783
551.0192564758472 0.019075281254529692 2.903552770614624
4535.601015115157 0.15701423136279144 2.7816433906555176
439.3775011692196 0.015210447390385688 2.9503843784332275
95.2598887947388 0.0032977235362998845 2.929394006729126
212.255824834574 0.007347909368044309 2.893765687942505
7288.727534498554 0.25232244803460685 2.7348098754882812
10359.295022755396 0.3586198918374287 2.7062835693359375
