174847.0523818694 6.0528859227914085 2.930656671524048
4155.66340365354 0.1438614844984498 2.878575086593628
95523.16454033088 3.3068376622322244 2.914715528488159
891116.9087431116 30.84884142463179 2.103198528289795
11638.074903210625 0.4028889180023729 2.9380757808685303
2888375.694164026 99.99029632341221 1.8058269023895264
69037.24403437413 2.38994342124414 3.251965284347534
1271217.6071957566 44.007234063029884 2.326758623123169
831268.2894126677 28.776991424824132 2.261735677719116
247200.45335278194 8.557628646428718 2.600287914276123
303139.83569700364 10.494147994673082 2.388291120529175
73385.42430246715 2.540469488317998 2.98209810256958
4744.672748504672 0.16425191329478733 3.0493011474609375
2888377.8024372323 99.9903693079838 1.7206635475158691
1679972.2434504286 58.157573745382926 1.9699695110321045
279291.04454565234 9.66854636016377 2.9207122325897217
159694.66892219242 5.528338054866776 2.367014169692993
2888375.939153664 99.99030480450645 1.7267272472381592
2888377.415182054 99.99035590191612 1.730499029159546
5235.1061098324135 0.18122982140595534 2.868762254714966
77183.18202641793 2.671940931229538 2.897892713546753
1073460.9668614438 37.161260006779756 2.057368755340576
53632.82113216678 1.8566704076971012 2.9229934215545654
520612.41747622564 18.022651969505045 2.2013020515441895
2888377.70514037 99.99036593974395 1.8998446464538574
94872.13508941326 3.2843002105274306 2.930044412612915
1336620.7938450254 46.271373048401244 2.2215750217437744
30459.061476683244 1.0544371318939756 3.0133509635925293
29151.67214993015 1.0091776988997703 3.0821030139923096
43565.19398445357 1.5081475255085262 3.211160659790039
2888377.5440985244 99.99036036476909 1.7462162971496582
6579.735935733188 0.22777845253062973 2.896001100540161
2801668.171995068 96.98864011481699 1.812065601348877
2888375.707849222 99.99029679716871 1.7731261253356934
841.1002473817207 0.029117355870055858 2.8963327407836914
303046.8478132137 10.490928923804486 2.319962978363037
2888371.987995078 99.9901680226056 1.7734103202819824
2888381.12826652 99.99048444212532 1.7841992378234863
6344.33923580125 0.21962944829018236 2.8919148445129395
2888373.973546571 99.9902367587754 1.81038236618042
222226.02650810033 7.6930595580816945 2.356421947479248
2888370.157149145 99.99010464206 1.736363172531128
68296.022750156 2.3642836928369455 2.9225170612335205
2336500.1589933955 80.88537226285843 1.890531301498413
614411.5509335282 21.269806821356653 2.187368154525757
21628.133743750863 0.7487265269298546 2.927212953567505
12672.760935496539 0.43870786052394395 2.8992321491241455
1336537.3310188726 46.268483717648365 2.049184799194336
5327.659901054576 0.1844338647819116 2.9186747074127197
11746.635004069656 0.40664707061241134 2.918087959289551
2888377.2902462683 99.99035157686717 1.8200440406799316
2888375.77506112 99.99029912392199 1.755577564239502
142498.9172819443 4.933052508915714 2.376603364944458
64329.903029749636 2.2269838648059737 2.927168369293213
2888374.489787456 99.99025463009289 1.7644298076629639
30331.949154250324 1.0500367352239355 2.908029079437256
21456.906244382728 0.7427989433280643 2.9592652320861816
69963.39932858804 2.4220052276417836 2.917989492416382
19295.096915433183 0.6679610488557025 2.914036512374878
2888378.209596301 99.99038340308783 1.784602403640747
973.9124272475019 0.033715071204307535 3.0406675338745117
2888373.6486444906 99.9902255112582 1.8960201740264893
434521.7904665177 15.042351545719452 2.2912025451660156
1271186.872163103 44.006170072279396 2.097367286682129
39528.98238550825 1.3684212445340758 2.991035223007202
2888376.413289861 99.99032121823646 1.7455337047576904
791.2260050121695 0.027390800601115865 2.9231038093566895
345015.20741093205 11.943796956471523 2.9457945823669434
2888378.254821906 99.99038496871576 1.7533354759216309
1747144.7812379468 60.48296443875445 1.964388370513916
7059.181674823165 0.24437598920823955 2.9304709434509277
1471204.1654850317 50.930403810112104 2.0167129039764404
2888380.605588292 99.99046634795876 1.759514331817627
2888375.5190888466 99.99029026262895 1.751971960067749
47468.15218660375 1.6432608170236866 3.0104124546051025
926065.9801331186 32.0587145071313 2.951387882232666
80944.507353744 2.8021511510454693 2.9264209270477295
199442.47243226832 6.904334487466432 2.343726873397827
14948.536172017455 0.517491046771144 2.9630637168884277
2888374.599480608 99.99025842746966 1.7533841133117676
88909.39242181089 3.0778809391568567 2.987982988357544
332031.3711645962 11.494320236282762 2.2871360778808594
32433.64496305911 1.1227936093137816 2.9080214500427246
1541822.5610278635 53.37508381156716 2.0271780490875244
2548619.3399175825 88.2285512680493 1.8572001457214355
156842.66669170326 5.42960694148778 2.9875926971435547
2888376.65471877 99.9903295760648 1.7779827117919922
3774.567794593051 0.13066864987014898 2.8970682621002197
2888375.2516822442 99.99028100550028 1.8150441646575928
2888378.4088365124 99.99039030042042 1.7662029266357422
