171610032.6770229 5940.8262069634775 45.66310358047485
2888378.279423297 99.99038582037103 1.766251564025879
54550261.19577513 1888.4305087132261 28.9880588054657
245978506.33319268 8515.327070208175 157.0104148387909
2888370.598021103 99.99011990424277 1.7935104370117188
2888382.632904874 99.99053652995975 1.7771670818328857
388482671.88482356 13448.561264644302 166.3960325717926
2888378.794359761 99.99040364653185 1.757559061050415
2888376.143796484 99.9903118888675 1.8981211185455322
2888374.7340084645 99.99026308457859 1.753316879272461
2888373.693017039 99.99022704735486 1.753431797027588
2888381.5300942003 99.99049835266644 1.7636733055114746
2888383.3729871563 99.99056215025799 1.7773470878601074
2888375.667145439 99.99029538807802 1.9087865352630615
2888377.3969748947 99.99035527161749 1.805213451385498
2888374.9546163077 99.9902707216196 1.7694969177246094
2888369.354513019 99.99007685626184 1.7521312236785889
2888374.7662290847 99.99026419999767 1.7893316745758057
2888375.8114571488 99.9903003838861 1.7755608558654785
10254152.779255304 354.9800592128417 6.771266937255859
