614677.0064989775 21.27899640867509 2.169088840484619
3944.405766585376 0.13654813056955817 2.9083595275878906
109432.49505109433 3.788353305173559 2.407337188720703
1404286.0560628201 48.613820962510594 2.0100011825561523
16767.39743476594 0.580456704943958 2.9150938987731934
11013.608858743217 0.3812710429605746 2.96040940284729
5177.661073534749 0.17924117906509981 2.9174041748046875
20776.289106783923 0.7192372198968628 2.9241151809692383
303106.07586020464 10.492979290722213 2.289950370788574
371.3151317955926 0.012854252351113895 2.8936045169830322
52578.38574830536 1.820167778659188 2.47322678565979
7167.935182736255 0.24814083721759378 2.877150297164917
1140.9014808437787 0.03949592754705921 2.896045446395874
76773.04372606985 2.6577426916209426 2.4423911571502686
6016.513354596216 0.20828071444284874 2.887578010559082
76815.08787776902 2.6591981834378697 2.4416663646698
2940.9558737454936 0.10181052620130239 3.0169830322265625
1816583.046388815 62.88679047933762 1.9937896728515625
24051.586838196497 0.8326220511613879 2.6027169227600098
226.33791792904958 0.007835405736406467 2.8765931129455566
123560.5283610085 4.27744003997044 2.383944511413574
773240.0524909296 26.7681597424868 2.1094624996185303
59049.17723222589 2.044174773051062 2.9997024536132812
717926.5369120254 24.853306759684276 2.1900992393493652
1889.9921175725758 0.06542807857953926 2.886873245239258
19838.54994449811 0.6867744011228096 2.9617323875427246
32075.584320150316 1.110398203183429 2.8760735988616943
325.48947572615 0.011267851752723412 3.2129414081573486
6843.445248799864 0.23690758777784077 3.1259360313415527
10313.967818565201 0.357050746733609 2.911332607269287
17151.36769588478 0.5937490547813509 2.9424421787261963
97947.22409025673 3.390754180845927 2.43188738822937
26788.104294849094 0.9273552923868087 2.978351593017578
666532.9720848207 23.07415531945724 2.1909842491149902
3379.5078962165862 0.11699239702534972 2.903172492980957
4116.099246145692 0.1424918455553618 2.9365503787994385
4104.1532637127675 0.14207829744049716 2.991790533065796
2214860.2604360254 76.67442092225677 1.8937351703643799
1267.144678239245 0.04386623669413198 2.9431841373443604
142387.12760770693 4.929182554368085 2.3909599781036377
869.0834054131992 0.03008608174227735 2.9313042163848877
35169.24554164102 1.2174951098933562 2.9332823753356934
1711.7432380635291 0.05925742760867093 2.97507381439209
922.1778942560777 0.031924116068374975 2.9332828521728516
4383.59559818171 0.15175208118175754 2.945669174194336
891296.3355555553 30.855052853491564 2.119040012359619
7634.334988510236 0.2642867474877672 2.9801197052001953
831265.406643009 28.776891628598527 2.142900228500366
2639158.2905520117 91.36284453919095 1.8452327251434326
5643.0219470663 0.1953511233967042 2.9260339736938477
50967.08914570417 1.7643876302925712 2.988783836364746
3237.512580717914 0.11207677829128543 2.9247140884399414
1010145.2045870249 34.96938384449464 2.098789930343628
692.7900398042984 0.023983127094548414 2.9016664028167725
18583.28987314133 0.6433195878339729 2.9554734230041504
43995.14864752488 1.523031771437128 2.951768636703491
21212.104584811255 0.7343243565454403 2.9978089332580566
2548548.3375789365 88.22609329663817 1.8635501861572266
434538.9057987258 15.042944047291398 2.2458133697509766
520378.37130296696 18.014549718033816 2.214406728744507
