3696.794235182926 0.1279762711511141 2.9314942359924316
51525.314263224136 1.7837123653084388 2.953124523162842
2888376.035309104 99.99030813323233 1.7564854621887207
2548559.765412226 88.22648890737513 1.838702917098999
13675.972415868193 0.47343721148756357 2.906015157699585
952099.1505442865 32.95993536593787 2.108940601348877
363444.6957383873 12.581792215424311 2.2723143100738525
67144.91300758021 2.324434373894995 2.466480255126953
1073552.2553406106 37.16442024736108 2.082458972930908
2888375.513664786 99.99029007485785 1.7318971157073975
2214855.507004636 76.6742563671353 1.8843884468078613
1206352.7011114312 41.76172936865557 2.0329372882843018
25.957817687187344 0.0008986122849929983 2.869140625
717927.650639528 24.853345314898277 2.169161796569824
31440.377211919054 1.0884084921125623 2.939012289047241
1185.4187066266313 0.041037032676325295 2.8651187419891357
11014.384192112833 0.3812978835871365 2.9251275062561035
6973.47608726006 0.24140901814754195 2.896709442138672
1679813.7268126272 58.15208618861599 1.9641163349151611
11701.070051674731 0.40506969509954566 2.950584650039673
6702.716865949798 0.2320358279403916 2.898634433746338
12704.756675824523 0.4398154946738041 2.903897762298584
16720.781998285092 0.5788429635887794 2.930450439453125
891300.640740111 30.855201891125528 2.1256723403930664
666445.7263730355 23.071135032106124 2.1375904083251953
1140457.355179756 39.48055272693446 2.074187994003296
199506.47330997046 6.906550081074744 2.397382974624634
200.36816387530416 0.006936380236182645 2.9022886753082275
474742.65251184115 16.43472440165396 2.240232229232788
159539.00483304495 5.522949248129406 2.352642774581909
