27779.624763548345 11.099871426230425 0.7852165699005127
30663.283343858668 12.252091434637128 0.6569349765777588
30369.608743606193 12.13474822601937 0.6398909091949463
44715.56219481834 17.86694368044068 0.6640348434448242
10389.445735992165 4.151298400928463 0.6691195964813232
45725.65826527373 18.270546558651883 0.6563951969146729
31648.267568478303 12.645660402656073 0.6602671146392822
28873.119350510067 11.536797749889079 0.6612744331359863
29925.679832954367 11.957368082386632 0.6563911437988281
47278.218951077026 18.8909013741154 0.6554098129272461
16994.733360140468 6.790565273155003 0.6499288082122803
40132.6933128309 16.03577224503374 0.6647038459777832
37738.8374394626 15.079262118151787 0.6440463066101074
31417.92154782961 12.55362131881289 0.6553137302398682
43361.19773468384 17.325781893710026 0.6598176956176758
1426473.8609021902 569.97445371074 0.6584672927856445
38064.86562455396 15.209532809949971 0.6676995754241943
36497.112966114655 14.583107756158695 0.6614747047424316
39356.61999327413 15.725677557372176 0.649608850479126
38897.04098069659 15.542044121239579 0.6617114543914795
29746.788962246617 11.885888871235156 0.6603150367736816
37640.13310671941 15.039822946025213 0.6597480773925781
35683.92255810229 14.25818223787649 0.6518874168395996
35720.78866376777 14.272912783604005 0.6587538719177246
32148.04712316458 12.845356721295897 0.6600596904754639
37898.34338006805 15.142995715977905 0.659132719039917
21071.13547354628 8.419368387867737 0.6559305191040039
35746.450718687556 14.283166540181606 0.6515254974365234
52403.93112752488 20.93897605513451 0.6664285659790039
48100.82934198718 19.21959082369231 0.6638147830963135
