36528.584262299 3.650403394414667 3.0698719024658203
36296.9639114138 3.627256926185414 2.8595008850097656
37983.95745406079 3.7958429001233656 2.866909980773926
45652.50434418151 4.562182197505237 2.8802120685577393
28600.56682048191 2.8581344804929976 2.865466356277466
52023.20171754854 5.1988237697473245 2.8708062171936035
24174.81178806408 2.4158564256640243 2.8878824710845947
14642.344995103893 1.4632504092824603 2.8542511463165283
51693.493824320845 5.165875139601648 2.8521487712860107
43382.73377067188 4.335357688058437 2.867685317993164
43484.08829986933 4.345486329091031 2.888016700744629
25800.12681216339 2.5782786930686985 2.875309944152832
37667.494821277214 3.7642179058278478 2.843369245529175
19792.54884238448 1.9779246564704156 2.8089699745178223
35643.18849005969 3.56192332332364 2.8742353916168213
20187.15804950043 2.017359056084147 2.80354905128479
31782.9167077702 3.176155588219366 2.881397008895874
32736.368612552527 3.271436698613253 2.882474899291992
86670.70169109385 8.661245160163723 2.870181083679199
27322.611864629784 2.730424874359523 2.8559603691101074
43140.97345723014 4.311197905065332 2.8857526779174805
50810.92868300155 5.077677941360129 2.861029863357544
31698.780117186718 3.167747583856125 2.8660576343536377
55956.324489144026 5.591871707575566 2.8784897327423096
37563.68998491776 3.753844398760553 2.842371702194214
38595.9216451511 3.8569981900293566 2.8591225147247314
319644.61215778196 31.942978376838138 2.718930959701538
39025.25185961893 3.899902356831016 2.863762378692627
20252.96374551975 2.0239352029831297 2.853982925415039
32985.78540581814 3.2963616150081245 2.8683958053588867
