43100.015438391245 8.62284472889378 1.4811968803405762
59831.67209876288 11.97027920129617 1.3970158100128174
51483.73296081467 10.30014098300068 1.385216474533081
28763.975920999248 5.754691631304758 1.3884639739990234
70030.53134359466 14.010723474587362 1.3843739032745361
41743.454189291864 8.35144303919047 1.3860483169555664
36121.44781963114 7.226671098917454 1.405358076095581
23942.732454127574 4.790125066950419 1.4235920906066895
34819.675606639066 6.966230828749466 1.412564992904663
35617.44057038735 7.125836419201889 1.4090421199798584
49770.28730087873 9.957338881267233 1.4241013526916504
35595.8310995138 7.121513100286088 1.4250125885009766
41947.10274739406 8.392186177630604 1.4202296733856201
34750.02093730611 6.9522953024580865 1.421797513961792
43165.58043572353 8.635962051147523 1.4371345043182373
194789.97095608356 38.97083695250602 1.4146196842193604
37386.51566252537 7.479768075098043 1.4268794059753418
41551.009917718475 8.312941496769575 1.4144353866577148
21755.52124678623 4.35253861974462 1.4136791229248047
57256.45910723886 11.45506681578129 1.4197354316711426
20663.24175263854 4.134010705478478 1.4216487407684326
22406.217296644754 4.482720730970426 1.4295241832733154
46062.080714497075 9.215453077009531 1.425051212310791
42224.412497309095 8.447666411013438 1.4263875484466553
39242.289500703104 7.851045196365523 1.4222335815429688
34615.085973958776 6.925299413347416 1.4108829498291016
35224.50208141719 7.047222814451813 1.4287617206573486
21632.736685939657 4.327973612226263 1.4194622039794922
20206.55180829973 4.042642606436616 1.433030128479004
25005.091832513688 5.002666985391309 1.4228382110595703
