3943.9711281072523 1.6438898152724701 2.895296335220337
3842.0483228971134 1.601407287894194 2.73305082321167
3588.2388240721775 1.495616744154094 2.8099191188812256
4358.07182994872 1.8164914657772147 2.7337419986724854
3668.146870902041 1.5289232821776033 2.7552649974823
4425.846765742201 1.8447407919164545 2.7730212211608887
3558.280207699514 1.4831296688852869 2.7597031593322754
10166284.418484472 4237.417281178271 2.733449935913086
3650.048900228954 1.521379852294316 2.752943754196167
3770.7799493600323 1.5717018591262948 2.7254230976104736
3430.336270451662 1.4298012522879422 2.7683727741241455
3857.0836133723205 1.6076741595519786 2.724684000015259
3463.4217927095888 1.443591655743273 2.767580509185791
4294.235287309217 1.789883704493311 2.8423879146575928
4285.660986099188 1.7863098430287092 2.7269296646118164
3514.3264795852883 1.464809279703101 2.721186876296997
3761.084913058614 1.567660863156264 2.740107536315918
3072.6058328586223 1.2806953374953098 2.774345874786377
3867.340465308953 1.6119493263540945 2.7332680225372314
3684.0003607557446 1.5355311881841405 2.722240924835205
850.7761111524596 0.3546126831997981 2.731513261795044
4045.3705011435377 1.686154170460425 2.764763593673706
3931.5680979477183 1.638720098178836 2.7073330879211426
3878.1607333274733 1.616459331071776 2.7502212524414062
3935.6253938752925 1.6404112229959915 2.7441463470458984
3937.586014634726 1.6412284309301657 2.741950035095215
4254.543567524612 1.7733397664711597 2.739011764526367
4602.087509146077 1.9181998395887232 2.7606635093688965
3956.430012769968 1.6490828131270265 2.734283447265625
4544.316105934937 1.8941200940054006 2.7459523677825928
