2532.748440895637 2.106113108505648 1.4000842571258545
2681.616408034126 2.229904627617624 1.3223326206207275
541.690441998886 0.45044400076410185 1.3689823150634766
2610.892844729504 2.171094277031278 1.2658867835998535
2898.8100125481433 2.410512496194104 1.3262920379638672
2897.4929814727657 2.40941731580928 1.4006707668304443
2584.4232891105203 2.1490834538617465 1.2816519737243652
2382.077876905896 1.9808226356103145 1.362328052520752
2586.788536073058 2.1510502807096947 1.3179662227630615
2711.5582812687353 2.2548028649215723 1.2748370170593262
2061.8669394510507 1.7145504539869203 1.2798497676849365
2229.4195270372875 1.8538792145465857 1.2856957912445068
2732.1438128446025 2.271920813627982 1.3314728736877441
2095.4417230275285 1.742469646696266 1.3609912395477295
1969.33370071018 1.6376042148982428 1.3019747734069824
2642.289594434682 2.1972023203927273 1.2937757968902588
2887.149421889437 2.4008161037523275 1.2814855575561523
2819.14631381449 2.344267954309928 1.3342697620391846
637.7126025792095 0.5302914612697884 1.395047903060913
2907.9464950106776 2.4181099603438283 1.2990751266479492
6262346.35716629 5207.469300885845 1.3585610389709473
2793.6890164586366 2.323098876954054 1.2778675556182861
2252.6189485885116 1.8731707498012686 1.319361925125122
2623.864177558149 2.181880620303308 1.2798428535461426
2387.9711118445557 1.9857231694159638 1.2798566818237305
2789.1117385729012 2.3192926304272525 1.2132046222686768
2838.327467123483 2.3602180888625885 1.2732200622558594
2568.4161094015726 2.1357726447537964 1.2880444526672363
2896.9788842369308 2.408989817006021 1.2854712009429932
2977.3529307557037 2.4758250503136647 1.286947250366211
