1756.940289935781 5.904490825163937 0.3813045024871826
1700.0741976533282 5.713382839270493 0.3751792907714844
2841.325022305249 9.548746546260416 0.29332828521728516
1659.1335094907263 5.575794829583029 0.368328332901001
1786.6655880278013 6.004387646282434 0.2640559673309326
1290.6086148755203 4.337305467386478 0.26778292655944824
1618.7009301832695 5.439914404433625 0.2668747901916504
1970.1245398599494 6.620932046847525 0.26486825942993164
1036.2667911478566 3.4825473556521596 0.26684045791625977
1734.1676201945083 5.827959471012597 0.2670409679412842
1527.471302052465 5.133322025986238 0.2679142951965332
1460.216863894002 4.907302271454504 0.27333879470825195
1391.4686978449026 4.676262595257772 0.2665750980377197
1771.7313013304956 5.954198485449978 0.2696266174316406
149.57461894004882 0.502670449455736 0.2639036178588867
1212.09342942094 4.073442093765762 0.2684516906738281
1739.920491905672 5.847292955725473 0.2696220874786377
1695.089730607815 5.696631706572843 0.27018117904663086
1552.9824611499753 5.219056530279524 0.27245473861694336
1372.198046192545 4.611500356877755 0.2667229175567627
1334.777839944436 4.485743513726429 0.26497483253479004
1321.9244370060296 4.4425475097661975 0.27177953720092773
1488.9737147561245 5.003944464162268 0.2684175968170166
1449.8770236363562 4.872553514035341 0.26827216148376465
1186.9945426983722 3.9890930995374787 0.2695901393890381
1722.198300150103 5.787734575044035 0.2621896266937256
1427.4910451772885 4.797321700421053 0.2697627544403076
1073.0238213839039 3.606075485226186 0.2658202648162842
1876.3177945101706 6.305678836235283 0.2647731304168701
1592.984825032232 5.353491144751418 0.27164435386657715
