1742.9063719353508 2.9040211472338684 0.6674361228942871
2529.144701256584 4.214047188724168 0.5608024597167969
1752.6459116945698 2.92024911557487 0.5691781044006348
1917.3068883509477 3.1946063421213116 0.5546529293060303
751.679576989467 1.2524444357256561 0.5461180210113525
1534.9562752771599 2.5575358236452335 0.6090214252471924
1529.7171449039743 2.548806413022934 0.6147732734680176
1158.5041874887102 1.9302933960189783 0.5595767498016357
2007.0148693213196 3.3440772936356695 0.5551626682281494
66049.3282238734 110.05103258055784 0.6157944202423096
2830.7167472078 4.716524896625622 0.5575258731842041
1882.9176396487455 3.137307162385233 0.5657815933227539
1562.0975459822512 2.6027584617395925 0.5658352375030518
1299.7811359773914 2.165688281615861 0.5740208625793457
1701.3973051943394 2.8348589652837353 0.5546627044677734
224332.7591526229 373.7820270133843 0.6104440689086914
1202.8860323401823 2.004242185281141 0.5545904636383057
1476.3150104454908 2.4598280661237495 0.5634279251098633
2233.646985795822 3.7216904973521197 0.6118729114532471
1869.070669636174 3.1142354160257493 0.560187816619873
1803.1626541094083 3.0044198378949436 0.5640347003936768
9578979.823561229 15960.44424673214 0.6122140884399414
2338.019838254324 3.8955959782300416 0.6100716590881348
1987.3000664750361 3.311228596022854 0.5693190097808838
1923.503223728847 3.2049306425326938 0.5616230964660645
1896.1714902736785 3.1593906564368073 0.5619821548461914
1326.770220063634 2.2106573471910194 0.5713052749633789
2295.014191654751 3.8239402030337253 0.6152467727661133
2543.1957232116547 4.237458925323916 0.5555448532104492
2003.808573950948 3.338734981673439 0.5752534866333008
