                   Q3          Q12          Q20           Q5           Q8          Q21           Q7          Q11          Q18          Q10
------------------------------------------------------------------------------------------------------------------------------------------
     SQL    2,888,656    6,001,215    6,001,215      239,917    1,829,418    6,001,215  218,102,224    2,003,609  153,078,795    1,500,000
                  8.0         10.7         10.2          3.0          8.0         19.1         24.8          2.0         16.5          3.2
------------------------------------------------------------------------------------------------------------------------------------------
     R2T        7,532        1,347       39,985        4,076       42,921       39,470    1,230,744       37,592      227,406        2,670
                0.261        0.022        0.666        1.699        2.346        0.658        0.564        1.876        0.149        0.178
                 27.1         37.0         52.7          5.4         36.8        160.3        222.2          7.5         84.7         12.2
------------------------------------------------------------------------------------------------------------------------------------------
  Greedy        7,303        1,373       41,474        4,017       40,434       38,890    1,291,493       36,823      229,798        2,871
                0.253        0.023        0.691        1.674        2.210        0.648        0.592        1.838        0.150        0.191
                 11.6         17.1         15.7          4.1         15.4         46.7         56.2          2.8         23.9          4.9
------------------------------------------------------------------------------------------------------------------------------------------
 TSensDP    1,000,568    1,110,249    1,323,942
               34.638       18.500       22.061
                 10.4         14.8         13.5
------------------------------------------------------------------------------------------------------------------------------------------

