1447.7487614620186 0.7721326727797432 0.19750261306762695
1634.7781201600446 0.871881664085357 0.20362162590026855
1809.3686296787928 0.9649966024953561 0.19950509071350098
1514.3570142335957 0.8076570742579177 0.19776320457458496
1789.3227366429637 0.954305459542914 0.20125722885131836
672.2658433920005 0.3585417831424003 0.20590686798095703
1559.660389507364 0.8318188744039275 0.20014572143554688
1143.658928271936 0.6099514284116992 0.19753551483154297
1854.893190736184 0.9892763683926313 0.1960585117340088
291.52691600008984 0.15548102186671459 0.2013380527496338
1923.3675544610305 1.025796029045883 0.20087265968322754
1738.0870376997336 0.926979753439858 0.19781184196472168
160.87001406616764 0.0857973408352894 0.19967007637023926
1712.1022223437612 0.9131211852500061 0.19894695281982422
2605.437199822074 1.3895665065717728 0.20701313018798828
1497.7780597141245 0.7988149651808665 0.1985461711883545
1732.2177670364908 0.9238494757527952 0.19746971130371094
2453.493377259525 1.3085298012050801 0.1946883201599121
1824.6848440194735 0.9731652501437192 0.20284438133239746
1123.78523994016 0.5993521279680853 0.1983320713043213
1289.4736969868536 0.6877193050596553 0.1950981616973877
1564.8145229739894 0.8345677455861277 0.1985776424407959
1441.1113391659455 0.7685927142218376 0.20093393325805664
2108.912937407382 1.1247535666172703 0.19838738441467285
1655.9171902235248 0.8831558347858799 0.20026111602783203
1577.3605480746774 0.8412589589731613 0.20183348655700684
1365.5543703389703 0.7282956641807842 0.20732951164245605
1582.050577079528 0.8437603077757483 0.20036983489990234
1449.9688775017275 0.773316734667588 0.20487165451049805
1796.7886910396337 0.9582873018878048 0.20278048515319824
