2662.323167617433 0.17748821117449554 1.7154567241668701
3278.611146024894 0.2185740764016596 1.6993939876556396
2921.288145328639 0.19475254302190925 1.7230925559997559
2763.2398333691526 0.18421598889127683 1.7051615715026855
2551.3955706444103 0.1700930380429607 1.7012934684753418
2907.7243036001455 0.19384828690667638 1.7151691913604736
2486.388386179926 0.1657592257453284 1.7510132789611816
3270.2922878544778 0.21801948585696518 1.7365000247955322
1007404.1387730464 67.1602759182031 1.6892673969268799
3081.410967325093 0.20542739782167285 1.7243878841400146
2915.3917542772833 0.19435945028515222 1.7320928573608398
2713.0794994733296 0.1808719666315553 1.6982440948486328
3208.899074804969 0.21392660498699795 1.6967601776123047
3129.394672995899 0.20862631153305994 1.7049849033355713
2444.340518578887 0.1629560345719258 1.7230217456817627
3532.65936250682 0.23551062416712135 1.7243983745574951
2857.53155140765 0.19050210342717666 1.7254066467285156
2468.7304192280862 0.1645820279485391 1.6793811321258545
2479.5386843669694 0.16530257895779796 1.6829359531402588
2747.8469526788685 0.1831897968452579 1.693115472793579
2477.9472162895836 0.16519648108597224 1.6999447345733643
2887.924367521424 0.19252829116809492 1.7011945247650146
3145.2445728813764 0.2096829715254251 1.6982450485229492
2797.0215470029507 0.18646810313353004 1.6995456218719482
3333.6365404271055 0.2222424360284737 1.7425813674926758
2993.648370553972 0.19957655803693147 1.7221887111663818
2900.1719502967317 0.19334479668644877 1.771338701248169
2320.2222961129155 0.15468148640752769 1.692854881286621
3076.1460542029236 0.20507640361352825 1.725698709487915
2648.0459092042875 0.1765363939469525 1.6938753128051758
