1612.689278874197 0.4300504743664525 0.3981351852416992
1969.098137556808 0.5250928366818155 0.4040107727050781
1341.2399405172328 0.3576639841379287 0.39397430419921875
2153.391428570205 0.574237714285388 0.4023125171661377
2457.7997190281167 0.6554132584074978 0.4025611877441406
1474.1597456513555 0.3931092655070282 0.3986704349517822
1723.1470306223491 0.45950587483262645 0.4136993885040283
1148.3433130417252 0.30622488347779336 0.3974146842956543
1958.553053389187 0.5222808142371165 0.4057028293609619
1332.8260706362198 0.35542028550299193 0.4016423225402832
1074.6283946006442 0.2865675718935051 0.3950674533843994
1818.0652899543638 0.484817410654497 0.4110598564147949
1600.1813348541618 0.4267150226277765 0.40619325637817383
1642.1083548599854 0.4378955612959961 0.40877842903137207
1575.1923735819873 0.42005129962186327 0.4038832187652588
1317.7565359181608 0.35140174291150955 0.40823841094970703
1952.0281978164567 0.5205408527510551 0.4059610366821289
2153.727236490464 0.5743272630641237 0.41089439392089844
1491.0602882350795 0.39761607686268785 0.407489538192749
1481.6591022344655 0.3951090939291908 0.3974423408508301
1630.921764101833 0.43491247042715553 0.40622377395629883
2369.726083551999 0.6319269556138665 0.4031956195831299
581.6494182667811 0.1551065115378083 0.414905309677124
2246.4608350768103 0.5990562226871494 0.3995065689086914
1401.7681825772743 0.37380484868727315 0.4008965492248535
1816.8934941461775 0.484504931772314 0.4050445556640625
1543.7210035916069 0.4116589342910952 0.4077568054199219
1581.6239793701097 0.4217663944986959 0.401561975479126
2355.444519991812 0.6281185386644832 0.41122007369995117
1917.416837451863 0.5113111566538302 0.40523552894592285
