2092.6796715384116 0.27902395620512155 0.8692448139190674
1704.1402363961097 0.22721869818614795 0.8768081665039062
1137.7684691101313 0.1517024625480175 0.8686866760253906
1883.267748521408 0.25110236646952105 0.8694515228271484
2261.4431203318527 0.30152574937758037 0.8464057445526123
2389.4706428541103 0.31859608571388137 0.858912467956543
2011.590102297254 0.2682120136396339 0.8712248802185059
2745.888453016174 0.36611846040215656 0.8568778038024902
2155.9215694653103 0.28745620926204135 0.8544437885284424
1681.4973155787447 0.22419964207716597 0.8856289386749268
2493.8178577640792 0.3325090477018772 0.8949170112609863
2138.53744891088 0.28513832652145066 0.8566594123840332
2259.398779591196 0.3012531706121595 0.8858587741851807
2457.553334797034 0.3276737779729379 0.8700964450836182
2049.765310752555 0.273302041433674 0.8655374050140381
2275.7373364937957 0.30343164486583946 0.9037520885467529
2022.6687522588763 0.26968916696785017 0.8761751651763916
2386.439020210295 0.31819186936137267 0.8654565811157227
2107.192655018065 0.28095902066907535 0.8442926406860352
2261.444485155167 0.3015259313540223 0.877204418182373
2434.980924380012 0.32466412325066824 0.8643250465393066
19369.403924193233 2.582587189892431 0.8531630039215088
2014.332756506279 0.2685777008675039 0.8713474273681641
2304.178708989173 0.30722382786522306 0.8519852161407471
1936.6076575414045 0.2582143543388539 0.8683164119720459
2084.102632783586 0.2778803510378115 0.8689496517181396
2191.9327773188706 0.29225770364251613 0.8839848041534424
606.7680989259388 0.08090241319012517 0.8663985729217529
2509.6365106115118 0.33461820141486825 0.9026455879211426
1218.3053956106305 0.16244071941475074 0.8721582889556885
