41531.99721757864 16.59489043187487 0.1124260425567627
39619.67186388973 15.830784878551471 0.1139686107635498
18091.675555279653 7.2288691534877865 0.1152031421661377
51579.77490893149 20.609668941039917 0.11670565605163574
31003.816637082666 12.388157915135348 0.11494827270507812
37909.317972195626 15.147380820622343 0.11191558837890625
39295.0208860953 15.701064475824985 0.11609411239624023
49312.44731049132 19.703715565569805 0.11871123313903809
13017.31420175929 5.2013126593404495 0.11333370208740234
46481.08777172127 18.572392622611368 0.11684536933898926
50318.843704466155 20.105840168476636 0.11637258529663086
27547.714991679415 11.007207516183328 0.11243438720703125
29593.73270002642 11.824732363683879 0.11644911766052246
34431.57935442333 13.757784962511192 0.11541414260864258
41993.19841938949 16.779172044218342 0.11460256576538086
35228.94840392517 14.076388759504866 0.11339950561523438
47687.637381669425 19.054492206525342 0.11205506324768066
48581.33389845464 19.411585454357922 0.11255621910095215
33755.04464183684 13.487462796930844 0.11577773094177246
45042.35481619579 17.997519817130986 0.11573672294616699
44129.56921480186 17.632799166602915 0.11209464073181152
40348.04079765547 16.12181838186462 0.11752104759216309
41552.34796102077 16.603021954080756 0.11332869529724121
33337.61489306908 13.32067089170376 0.11744093894958496
48435.98679029237 19.353509284268952 0.11055612564086914
39880.71685231477 15.935090312215278 0.11844158172607422
47309.318360479316 18.903327727917347 0.11189746856689453
49310.65213837422 19.702998270795042 0.11176300048828125
41819.562303215615 16.709792469048235 0.11588025093078613
41443.344871109875 16.55946771987596 0.11913156509399414
