40084.22026749165 2.0006005206054005 0.8208551406860352
50631.44261327875 2.5270116214104554 0.8423585891723633
36326.35605088994 1.8130457906411286 0.9705603122711182
38961.76576175587 1.9445788977935918 0.8790111541748047
15794.34423456504 0.7882945729623654 0.8456776142120361
38983.50174938468 1.9456637393565779 0.919558048248291
30824.010809937492 1.538424139524028 1.0461349487304688
31385.172933514696 1.566431700331767 0.8402256965637207
37517.971777554834 1.8725192449635208 0.8581054210662842
44967.7023228067 2.2443347551005095 0.9052906036376953
26862.282227562973 1.3406945538789847 0.8839242458343506
36287.29218344949 1.8110961158559713 0.8130731582641602
4111.640142916935 0.20521166073754898 0.8102364540100098
31944.884347258834 1.5943668563171618 0.8091440200805664
33137.1200443767 1.6538712533198083 0.8114395141601562
64059.44064016035 3.1972020271111843 0.8186511993408203
45830.98228343972 2.2874209952006144 0.8279502391815186
38210.65102227358 1.907090815730004 0.8168926239013672
21248.673585822573 1.0605197545141376 0.8068976402282715
32523.767767606536 1.6232588857588992 0.8028502464294434
29187.6227788697 1.456752131810766 0.8155319690704346
39401.200112403836 1.9665110343004653 0.8233091831207275
30202.579690556973 1.5074085575155303 0.822763204574585
42914.40419654921 2.1418547948334443 0.8384404182434082
33644.373574918136 1.679188240166703 0.8042266368865967
46098.534296685364 2.300774496738534 0.8080348968505859
41494.60830234457 2.0709928849311376 0.8024675846099854
39199.37311362615 1.956437863458364 0.8078484535217285
42556.39042876754 2.1239863537005435 0.866934061050415
41313.45443569613 2.0619515086112776 0.8173253536224365
