57910.79323534027 11.585976782519 0.21703290939331055
47960.721532134165 9.595306420445727 0.21366453170776367
38859.82649906096 7.774527379743833 0.21147704124450684
49569.193438904535 9.917106850487205 0.21006345748901367
66159.8812119267 13.236338251153878 0.20916152000427246
42303.63416537049 8.463515967815427 0.21000218391418457
41308.54934451578 8.264433396381678 0.21602082252502441
39457.341140320525 7.894069702929 0.21025514602661133
32594.79336340964 6.521107690664661 0.21673059463500977
37741.706007591216 7.550829562282033 0.21718740463256836
19333.755411489285 3.8680257824498048 0.22167444229125977
34881.24191907252 6.978548150384839 0.2214953899383545
34053.66606364533 6.812978416124984 0.21311354637145996
14678.537240472855 2.936675223534602 0.214310884475708
36890.45552805567 7.380523342301119 0.21673154830932617
50547.37001264683 10.1128066577153 0.21893763542175293
17567.545050075336 3.5146672615739636 0.2103414535522461
24825.971425892785 4.96683109442101 0.21960210800170898
10261.520282873593 2.052980612224948 0.22264385223388672
44781.22572550329 8.959197630741539 0.21897506713867188
2508872.8350776667 501.9399803310546 0.22347712516784668
45844.12791165337 9.171848146523256 0.21001338958740234
33135.11523042369 6.62920768820522 0.21279549598693848
39380.13481347612 7.878623347244532 0.20864152908325195
35154.50587722886 7.033218958671515 0.21837449073791504
74851.52636251051 14.97524033297003 0.21639800071716309
38968.65372493182 7.7963000000414295 0.21553349494934082
36605.09056877869 7.323431535955254 0.21076011657714844
31300.5590476559 6.262175496927908 0.21181893348693848
40806.41133190668 8.163972687234304 0.22019004821777344
