45293.87565365678 4.526343431353626 0.423447847366333
24464.30489326024 2.444786279782636 0.4218432903289795
39029.820462323725 3.9003589100525025 0.40772533416748047
36801.26938811608 3.6776535802346633 0.418226957321167
28405.257188767195 2.838616643791368 0.43064045906066895
50346.939550740295 5.03131021215344 0.43077802658081055
44536.490314325434 4.450655800162604 0.43118977546691895
49653.878209090326 4.962050657610348 0.4253196716308594
42773.35311358969 4.274460577917781 0.4268214702606201
33871.650479617645 3.384888584714111 0.41949939727783203
26073.462647341425 2.605593906091582 0.4158766269683838
64376.30196995824 6.433303561494473 0.4187736511230469
27850.03618123685 2.7831318586164078 0.42165493965148926
12006.229218462948 1.199816001038725 0.41170811653137207
20862.63256718614 2.0848611102150927 0.42978954315185547
43119.316011848976 4.309033616091907 0.41892051696777344
41691.33329162502 4.16633131666414 0.417910099029541
52699.68006917648 5.266426139806308 0.4552621841430664
35303.98028728948 3.5280253007253846 0.4280698299407959
43973.174271025 4.394362055465948 0.426685094833374
40163.37701576436 4.0136383807466744 0.4242725372314453
45683.08415422833 4.565238123286371 0.414212703704834
32869.423595102155 3.2847332544407464 0.41466784477233887
36999.5776987687 3.697471083293332 0.4315915107727051
33770.56179543142 3.3747865103155923 0.41185951232910156
46273.604427170474 4.624250462591387 0.4136080741882324
33086.56248231814 3.3064325495807103 0.44373178482055664
41496.93152238638 4.146904205194031 0.41201305389404297
40357.89483647491 4.033077089564328 0.41455864906311035
72186.60439156019 7.2138088848460455 0.410381555557251
