860.3516042316332 0.014336290305073777 6.440134048461914
662.8594361143187 0.01104542057090637 6.299567461013794
693.4598643695936 0.01155532445295817 6.430863857269287
831.8242004262283 0.013860929835478788 6.444937467575073
567.5749961975962 0.009457668092171271 6.544095754623413
797.2999685043469 0.013285642465806456 6.297939777374268
837.4690382154658 0.013954991417828987 6.287446022033691
726.89698638767 0.012112496992486855 6.496132850646973
621.5454009165987 0.010356992724249985 6.290557384490967
829.5114548159763 0.013822391879244058 6.3962297439575195
694.5816042618826 0.011574016332724 6.523096084594727
623.4918186347932 0.010389426451723412 6.429661750793457
689.1069475440308 0.011482790527318732 6.272597312927246
622.2275220332667 0.01036835910783511 6.389787912368774
627.4767193440348 0.010455828017227092 6.288368225097656
730.077994659543 0.012165503063288735 6.298832416534424
792.0949448859319 0.01319890963556433 6.350742340087891
1160.0030746730044 0.01932947036013548 6.372134685516357
339.34476961381733 0.0056546011035068285 6.415174961090088
922.7332653356716 0.015375774161326856 6.636903524398804
236.27511235512793 0.003937121272194513 6.371062755584717
854.2114290660247 0.014233974771209242 6.290564060211182
819.4820379158482 0.013655268773337536 6.3182854652404785
1181.8115208949894 0.019692870875230924 6.430544137954712
1020.3551322109997 0.01700247586881989 6.401223182678223
457.93323312792927 0.0076306753403757276 6.424656629562378
805.7105271369219 0.013425790063127581 6.377477645874023
991.9487403072417 0.016529131855919872 6.455862522125244
780.3934732684866 0.013003924593078012 6.465317964553833
1587.7724170107394 0.026457515969861758 6.4156177043914795
