125779.44335598871 4.193107956038802 3.5358798503875732
1792.467891099397 0.05975548288793661 3.1825265884399414
1330.7911853869446 0.04436457149423868 3.1664323806762695
1509.107756930869 0.050309109129996886 3.3417179584503174
1408.6420721574686 0.04695988567271107 3.1892495155334473
1297.5138271604665 0.0432552045594489 3.156768560409546
1667.5056440401822 0.05558961779609105 3.202589511871338
2189.0545902927406 0.07297648943143234 3.195321559906006
1319.2430254686624 0.043979590610725726 3.2915279865264893
1247.7555098761804 0.04159641206906292 3.279496192932129
1354.9148168903776 0.04516878073930033 3.108035087585449
2446.222900184337 0.081549706623971 3.2306065559387207
1383.4432376227342 0.04611983239571053 3.2121708393096924
1174.0843390435912 0.03914043703604799 3.227325677871704
1177.7022162131034 0.03926104616849992 3.2323720455169678
1849.6170308296569 0.061660663147047025 3.1996395587921143
1581.8531461856328 0.05273422139246713 3.2411792278289795
1178.1562368441373 0.03927618184941406 3.4681503772735596
1569.687178865075 0.05232864467020133 3.152024269104004
1282.2182163577527 0.04274529494593749 3.4100372791290283
1493.1908285962418 0.0497784866605785 3.1919546127319336
3022.7530087861232 0.10076948467969064 3.172712564468384
672.8972819582559 0.022432369481795035 3.1824417114257812
878.426317079924 0.029284088724394242 3.238600254058838
1354.822342733387 0.04516569792931915 3.172468662261963
1664.4899153672159 0.05548908248161935 3.166977643966675
1547.8787345853634 0.051601616796820834 3.1890909671783447
854.676815958228 0.028492351859861563 3.2427151203155518
1354.9724118621089 0.04517070078225608 3.2145066261291504
803.62773203291 0.026790529095787836 3.1906168460845947
