1289.2329129008576 0.02148286493486498 6.306737184524536
1197.0256573595107 0.019946388478991516 6.3713555335998535
1418.938800795935 0.02364419206437255 6.333606481552124
336.43562555871904 0.005606125185628561 6.356702566146851
1380.023183092475 0.022995729749600288 6.341601371765137
156.05163716804236 0.0026003340518218785 6.412698030471802
1389.7407444985583 0.0231576563162386 6.335883140563965
594.8882804019377 0.009912797331905917 6.485900640487671
1164.2456499300897 0.019400165631961022 6.2863993644714355
1312.7417379291728 0.021874599359115992 6.386526346206665
1368.9218180002645 0.022810744457585082 6.335496187210083
1659.6054668612778 0.027654491079910946 6.322099685668945
1428.2598336655647 0.023799511160082828 6.313440799713135
1569.577356687747 0.026154326360374472 6.618499755859375
1417.194471287541 0.02361512579181951 6.371940612792969
1595.010965465568 0.02657813401895396 6.452129364013672
1609.350385952741 0.02681707597466081 6.287489414215088
1584.5054477322847 0.026403077505676515 6.510213613510132
2010.567313904874 0.03350267094088237 6.262449741363525
1352.4155997242779 0.02253569651685997 6.394891262054443
1429.714096834883 0.02382374397242697 6.249379634857178
1274.2338474029675 0.021232931121497357 6.3960041999816895
1614.011466071941 0.02689474491535366 6.511744022369385
911.5697582922876 0.015189753379812048 6.4437878131866455
1018.5601194454357 0.01697256504633538 6.413303852081299
1391.04255318176 0.023179348734910513 6.339651823043823
1698.6709825005382 0.028305451187810107 6.322921514511108
758.3851225124672 0.012637193010289868 6.422752380371094
1313.3586992649361 0.021884879966222442 6.457728624343872
621585.8418389149 10.35766660316144 6.361119747161865
1296.4193474827334 0.021602614595256683 7.141491413116455
2297.9996110936627 0.038292239339761405 6.338083744049072
753.4444397147745 0.01255486496842347 6.471458673477173
1739.4268852034584 0.02898457870953562 6.5006842613220215
1315.8621531883255 0.02192659575083255 6.4467785358428955
1317.5893217241392 0.021955376065082473 6.425626039505005
771.1185122188181 0.01284937320557284 6.4227495193481445
1061.9923861175776 0.017696289603314954 6.384799242019653
431.49572072550654 0.007190139342208312 6.25044322013855
1039.4354595467448 0.017320416941348456 6.336693048477173
1202.6152554433793 0.020039529585981826 6.7271294593811035
1395.9012546399608 0.02326031069774972 6.606689691543579
1390.3252163808793 0.023167395542084048 6.398547649383545
1297.8716778513044 0.021626815200776917 6.350642204284668
1309.8895321758464 0.02182707222080606 6.340970993041992
1570.1955489153042 0.02616462747819074 6.400825262069702
1496.1802257793024 0.02493128851039835 6.357811689376831
2494.661511849612 0.04156927408615776 6.424967527389526
1568.3720124345273 0.02613424135670072 6.37492036819458
1480.5637659206986 0.02467106687430293 6.356900930404663
1933.9815928470343 0.032226500681062656 6.268309831619263
1526.1325321067125 0.025430392547287715 6.359653472900391
1323.2877246914431 0.022050330219654572 6.398198843002319
1092.3599827801809 0.018202313744469758 6.303294658660889
1644.7905212268233 0.027407625309655185 6.2518415451049805
18293.599095268175 0.30483158985752346 6.514206886291504
1298.9070451678708 0.021644067829062464 6.5535500049591064
2439.815544337034 0.04065535969527894 6.42706823348999
1606.9496729262173 0.026777072191651482 6.479625940322876
855.1026541180909 0.014248825514801434 6.480863809585571
