368.1553359013051 0.006134679992323306 10.44025468826294
5425.7860371712595 0.0904114589657471 10.366019248962402
16889174.35080661 281.42924975703437 10.350778102874756
3929.038171082735 0.06547071169892656 10.305771589279175
635.379587803036 0.010587515824762752 10.348662853240967
5533.919863433577 0.0922133245256765 10.4635329246521
4838.917377543636 0.08063229491933943 10.318857908248901
4871.2795975590125 0.08117155605254957 10.358904361724854
6684.4095917465165 0.11138427121418774 10.32387924194336
5143.817817320116 0.08571294008496806 10.373100519180298
5106.888675113209 0.0850975789921409 10.462047100067139
4822.903289680369 0.08036544749155579 10.223182201385498
4492.428454855457 0.0748586487045616 10.388546705245972
724.9121113438159 0.012079422439352963 10.36452031135559
4915.387611940503 0.08190654079116484 10.427698135375977
3751.752938219346 0.06251655603439213 10.308358907699585
10550.510807312094 0.1758062460237151 10.412873029708862
4872.961888814345 0.08119958856355497 10.53229570388794
4075.613368459046 0.06791313706406196 10.312716960906982
3705.507291039452 0.061745951295520185 10.390677690505981
3494.549447075464 0.05823069906802979 10.324163436889648
4128.406061544083 0.06879283714287995 10.318100452423096
6407.796222414821 0.10677498177310463 10.482038259506226
5651.710135526955 0.09417609826555047 10.42668342590332
2329.585130070336 0.03881855807649511 10.396981716156006
1959.3142351703718 0.03264862590609355 10.239649534225464
3332.812393288128 0.05553562725694927 10.313944339752197
4524.358863376081 0.0753907144365946 10.456876516342163
6838.568675683811 0.1139530690982378 10.443782806396484
5055.379902611487 0.08423927325735683 10.305363893508911
