2559.8568511577323 0.04265564308490418 6.279925346374512
3847.516448058188 0.06411229139529559 6.329908132553101
2062.0013366295025 0.03435973109827764 6.483757972717285
2763.5116183338687 0.046049202008824355 6.2450597286224365
2268.776739668101 0.037805290089891815 6.338149309158325
1844.0209775716066 0.030727460648745406 6.335158348083496
2606.125166883692 0.04342662555638637 6.339216947555542
2153.62051920034 0.035886408322320394 6.5451836585998535
3162.267252901569 0.05269378372382208 6.33090353012085
2771.53615034651 0.04618291713172266 6.478696346282959
1606.3824000833556 0.026767619558428678 6.34752631187439
41822469.155410945 696.9000303340398 6.505328178405762
3130.0253123678267 0.05215652684277812 6.2800681591033936
2276.6899265181273 0.03793714983579371 6.364373207092285
2565.457398048602 0.042748966635066436 6.624705791473389
2911.9058294463903 0.04852193813163485 6.786198139190674
3279.983510606922 0.05465532414031029 6.580449819564819
2322.7552560875192 0.03870474988960601 6.318058729171753
3336.000915274024 0.05558875853096455 6.300735235214233
2016.77901895158 0.03360617839806739 6.3568620681762695
2268.915675012395 0.03780760521015152 6.438507080078125
3467.7689521117136 0.057784447851172024 6.257780075073242
1795.0177546488121 0.029910905619092338 6.357362508773804
2283.9232196444646 0.03805768031381086 6.274875640869141
1914.2903373762965 0.03189837953441589 6.623633861541748
3048.458102338016 0.05079734857588032 6.384944438934326
1941.5956170223653 0.032353375391855906 6.273858547210693
2345.400655411184 0.03908209679891795 6.446858644485474
2253.311632006429 0.03754759047970168 6.3141045570373535
2660.073643415235 0.04432558479266673 6.337556838989258
