204.83865968789905 0.0034132864709546158 10.267222881317139
12146.523757473566 0.2024010764065871 10.401622533798218
164.3540736651048 0.002738679978389456 10.436275482177734
159.35308523476124 0.002655347046135845 10.23779559135437
164.7412547133863 0.002745131689389337 10.432263612747192
125.29235098138452 0.002087783073617334 10.372192144393921
44.24907485023141 0.000737335270444925 10.360748767852783
209.59011175762862 0.0034924613058793697 10.490975379943848
94.92660288885236 0.0015817897357260548 10.40072774887085
192.8877018308267 0.0032141441663200983 10.252673149108887
40.99677891097963 0.000683141312400566 10.3566415309906
164.313839151524 0.002738009538927101 10.385772705078125
170.56095008179545 0.0028421069747008804 10.283598184585571
110.48276264593005 0.0018410065736010133 10.232689619064331
194.97106784954667 0.003248859903362014 10.301124334335327
189.11341356579214 0.0031512520975467825 10.441051006317139
173.69978734571487 0.0028944103376685364 10.256767272949219
157.8486133981496 0.002630277592090095 10.342935800552368
162.32256861124188 0.0027048284157665053 10.306199312210083
128.7998870247975 0.0021462301721367674 10.393343448638916
50.91183594148606 0.0008483588063664785 10.36778211593628
11.477652504108846 0.0001912554791672827 10.334165096282959
164.13675244245678 0.00273505869132262 10.324151039123535
73.44977515656501 0.0012239150764730977 10.282276630401611
150.25167225673795 0.00250368754088527 10.406291723251343
172.999624944292 0.0028827433268811733 10.363034009933472
163.5058819660917 0.0027245463121399866 10.309362888336182
170.52570284437388 0.002841519639679196 10.365901231765747
155.56727796979249 0.002592263032899046 10.28716230392456
169.525927323848 0.0028248600878963345 10.276186227798462
