2048.5154835078865 0.03413501238512345 6.403014659881592
1531.9696427378803 0.025527658028213957 6.2903032302856445
1268.9691905351356 0.021145204604986416 6.548544645309448
1738.251768941991 0.028964997403725597 6.377086639404297
768.8661555815488 0.012811841528449636 6.31830358505249
953.051839129068 0.015880981420080233 6.532458066940308
1863.4563938742504 0.031051318672539647 6.43026876449585
979.2346920203418 0.016317273952363674 6.479188919067383
1835.9465201077983 0.030592913603458602 6.3368165493011475
671.3559056473896 0.011186999726678507 6.323974132537842
1448.5641835210845 0.02413784847770134 6.348667860031128
1459.0745665403083 0.02431298606266078 6.589983701705933
2146.5431702956557 0.03576847638845893 6.34677529335022
1185.067531939596 0.01974712673916192 6.59080171585083
2291.812847390771 0.038189147487479966 6.549837350845337
1789.309410716407 0.029815785815312516 6.226244926452637
1582.765639571473 0.02637408657366005 6.488445520401001
299.9325784891844 0.004997864240644342 6.388504266738892
2066.3407163331285 0.034432039450896665 6.359195947647095
2456.3099468760192 0.04093021074692407 6.346398115158081
1591.2163721472025 0.02651490360114081 6.634653091430664
1529.9733751062304 0.025494393637059 6.299036264419556
1646.3576136026531 0.02743373822805304 6.322593688964844
1225.397098036483 0.020419150089381617 6.326454162597656
14896.869246429764 0.24823088735247387 6.3519346714019775
1622.2530625881627 0.02703207704753392 6.223106622695923
1616.7212873762473 0.02693989945996348 6.415717363357544
1402.5668103545904 0.023371380801297578 6.528074264526367
1191.846343724057 0.01986008406171179 6.284515619277954
4581090.924924875 76.3360573637984 6.3637635707855225
