2363.096433144994 0.03937696671665644 6.283901214599609
2225.6614270703867 0.037086847031315935 6.298638582229614
1838.4863184746355 0.030635235006155177 6.570343732833862
1651.5370515044779 0.027520044716019636 6.304213285446167
1994.5930549362674 0.03323648719361442 6.395031929016113
1452.850262385793 0.02420926866285899 6.29180383682251
2639.4607570450753 0.04398210624090414 6.384060621261597
3475.557519858703 0.05791423103252763 6.244031190872192
2048.991723412648 0.03414294810988521 6.405293941497803
2261.70013737306 0.03768737059700511 6.345062255859375
2398.194956591353 0.03996182367389525 6.3829662799835205
3051.7089599976316 0.05085151856745062 6.390992879867554
2016.5812989128754 0.033602883731259005 6.419707298278809
2805.055336688645 0.046741457133074635 6.459718942642212
2452.3034140234813 0.040863448718692484 6.362783908843994
2231.5227079316974 0.03718451526785322 6.320563077926636
2192.171992626041 0.03652880279453479 6.531389951705933
2305.940493718721 0.038424560588459514 6.424701452255249
1683.070998690091 0.02804550409692189 6.457149267196655
2192.9733296716586 0.03654215570799677 6.285315990447998
1297.1021414101124 0.02161399219008338 6.386890411376953
2186.7103724572808 0.03643779422095827 6.434043884277344
1836.1399730639532 0.030596137166622978 6.370481252670288
31201.209675910883 0.5199148785022847 6.3242902755737305
2517.047491061501 0.04194229820230572 6.3465189933776855
2544.1320638395846 0.042393616356680854 6.331220626831055
1990.2914884435013 0.03316480893358264 6.435469388961792
2150.4255420304835 0.03583316948368761 6.267983436584473
2255.3422676492482 0.03758142755507424 6.453965902328491
1918.604088892229 0.03197026083705098 6.490768909454346
