1419.7985581443645 0.09467981067648751 1.8067190647125244
1321.4884725017473 0.08812396495961515 1.6399164199829102
1329.2652108084876 0.08864255973233072 1.5861454010009766
1449.284874347737 0.09664611696667778 1.6178860664367676
1745.2865288192406 0.11638510067287157 1.6025362014770508
1161.0281150920782 0.07742360456448633 1.5807621479034424
1394.4675083593465 0.09299059991900037 1.6332192420959473
1074.0727173273917 0.07162495055794939 1.6018519401550293
1621.1853308645077 0.10810936475267442 1.6355252265930176
11737428.11798063 782.7148898444583 1.6125731468200684
1167.8296274405438 0.07787716602063272 1.59523606300354
1386.638352674665 0.09246850967335932 1.6697866916656494
1343.1215700460598 0.0895665763555011 1.61411714553833
1355.6387551927473 0.09040128964147587 1.5970509052276611
1786.6548956909683 0.11914376606307292 1.610419511795044
1732.0862819822505 0.11550483715644527 1.619441270828247
1546.1443517147563 0.10310522831506418 1.618708848953247
1209.9388078190386 0.08068523284328727 1.6244640350341797
6909382.826543875 460.75484029476775 1.612788200378418
1095.6417358464096 0.07306328881948931 1.6015217304229736
1605.6363460591529 0.10707247474518868 1.5989294052124023
1595.599345842842 0.10640315354128338 1.5753045082092285
2012.6096297139302 0.1342116440490251 1.5905306339263916
948.785841275705 0.06327014723970562 1.6252720355987549
1698.7147990427911 0.11327944703432037 1.5821125507354736
866.665092012845 0.05779389362033244 1.5956356525421143
954.5594652316067 0.06365516356468093 1.6135354042053223
1389.2174485365395 0.09264049766878167 1.6117744445800781
2689.831097350223 0.1793724170150571 1.579695463180542
1322.8479724747594 0.08821462373604587 1.6065609455108643
