2841.7017106721178 0.047352106376327426 10.305145502090454
1928.6163147445768 0.03213709748350254 10.499853372573853
3041.7216200111434 0.05068509660145726 10.378144979476929
2841.7755025355145 0.04735333599172025 10.324918985366821
26871.18048136402 0.4477623361496634 10.339956998825073
2373.4492431255057 0.03954947861600536 10.411828517913818
2226.803842208348 0.03710588342874482 10.316415786743164
2675.338123485446 0.044579941286646885 10.570728540420532
2838.5427069179714 0.04729946697323745 10.514983892440796
4436.049528998323 0.07391919018062715 10.400705575942993
1154.0156295718625 0.01922969981198578 10.432494640350342
3919.1247811522335 0.0653055219843354 10.233381986618042
2570.438162024133 0.04283196256131688 10.362553834915161
3222.98812562041 0.05370559337768119 10.365642547607422
2594.890797611326 0.04323942397683346 10.364282131195068
217.61394735611975 0.0036261648242250904 10.290841817855835
3437.8500700853765 0.05728590077318304 10.575963973999023
2325.434043109417 0.03874938730089519 10.360124588012695
43566.85088409856 0.7259671730491002 10.406677961349487
3569.49803627003 0.05947958932099633 10.308839559555054
2155.7985916854814 0.03592270218089973 10.309820413589478
2612.5838950630277 0.0435342492322476 10.214953184127808
2438.6253724005073 0.04063552751235387 10.282409906387329
1688.4960753172636 0.02813590373478143 10.24996829032898
4212.322936794721 0.07019116856827692 10.266335248947144
941.6173158753663 0.015690444616221322 10.352042198181152
1968.3953734505922 0.03279994756812732 10.369856357574463
4488.918510226533 0.07480016147107765 10.33216643333435
4172.591800397262 0.0695291170270897 10.402491092681885
2808.003697043285 0.04679058652361705 10.440205574035645
