858.578069136478 0.01430673737129028 6.428819179534912
1014.317199639976 0.016901864033199543 6.435311794281006
1569.0889946818352 0.02614618864149735 6.578022718429565
10008.542502973229 0.16677526972410134 6.243347406387329
776.2892376119271 0.012935534514459605 6.3876612186431885
1312.2571791028604 0.021866525013732395 6.250335693359375
1165.9253040105104 0.019428154198949887 6.379857301712036
762.4424349330366 0.012704801193308966 6.443211793899536
1190.2173950104043 0.01983294041307309 6.324249267578125
68.36705683264881 0.0011392202551091539 6.317182302474976
946.1816457547247 0.015766501379382753 6.382208824157715
843.8001318676397 0.014060488282250172 6.338449478149414
672.1109047783539 0.011199580497921736 6.482960224151611
925.5775616569445 0.015423169502458159 6.577205419540405
969.0391755998135 0.016147383081589535 6.45392107963562
890.5904125450179 0.014840168408314282 6.259701490402222
1032.6290886830539 0.017207000393804486 6.517819404602051
795.7958141975105 0.01326057830285218 6.300326585769653
1454.81425529439 0.0242419952508682 6.280045032501221
444.72772661130875 0.007410628124659902 6.34511137008667
929.4969431106001 0.015488479301451459 6.393025636672974
221.61863843631 0.0036928961624656006 6.316833257675171
1191.8758937260136 0.01986057646203333 6.478827238082886
1506.7242431910709 0.025106986555073776 6.350776195526123
724.8091861912981 0.012077707367446393 6.27556037902832
953.3965593073517 0.015886725593189908 6.495068550109863
947.3998943651095 0.015786801412132533 6.423529148101807
1174.3170181466267 0.01956798778491733 6.370983839035034
1218.51563868206 0.02030448232036446 6.289399862289429
981.0167228020728 0.0163469684522563 6.302947998046875
