467.5798618737608 0.0077914199353591035 10.321775913238525
1044.4684407273307 0.017404282978152438 10.294827222824097
671.7510262308642 0.011193583736474435 10.385077476501465
568.7135066827759 0.009476639425229322 10.454277038574219
643.7291438560933 0.010726646918267272 10.292555809020996
746.1590559966862 0.012433466489647285 10.40851616859436
664.7972049415112 0.011077710179380527 10.221725940704346
456.51354422420263 0.007607018649126929 10.261302709579468
651.3866259939969 0.0108542457817958 10.270390510559082
842.9566963650286 0.014046433869891826 10.292366981506348
1120.9476700471714 0.018678678735009016 10.24121356010437
612.3964470084757 0.010204541030582569 10.35863971710205
536.7320575984195 0.008943723189361145 10.32134222984314
751.4102407032624 0.012520968515596632 10.29790997505188
701.8720426829532 0.011695499039493722 10.21880555152893
689.8393538687378 0.011494994828026288 10.272485256195068
845.3334070341662 0.014086037694602946 10.504102945327759
641.9654608210549 0.010697258152241752 10.359462976455688
693.9780236948282 0.011563958693278413 10.327457189559937
419.144012009725 0.006984319208855623 10.23287558555603
756.6032198145986 0.012607500644696092 10.509398221969604
614.6613220609725 0.010242281305718467 10.37008786201477
975.2932018563151 0.016251595749465986 10.496669054031372
202.56787896621972 0.003375447787926607 10.414878129959106
452.1604214441031 0.007534481291606835 10.415848731994629
631.900483628735 0.010529542494790389 10.404701232910156
1512.460337728262 0.025202568775294032 10.326750755310059
445.0461827274412 0.007415934652023651 10.32187819480896
846.1148479310796 0.014099059072722435 10.42357349395752
698.3296813964844 0.011636471637768092 10.292452573776245
