10522.570456182584 0.17534066778448337 10.922354459762573
10380.766159625724 0.17297774133447516 11.403495073318481
12768.855824803934 0.21277117758327163 10.288763999938965
15593.319534277543 0.25983604210609923 10.423668622970581
11042.041383995675 0.18399676372194088 10.30217981338501
12157.49330665078 0.20258386521147437 10.363394737243652
12651.375930455513 0.2108135757585008 10.36718201637268
9208.031806485727 0.15343612595925538 10.451898336410522
11737.089534191415 0.19557855424595544 10.328516006469727
9934.66905638203 0.16554429488665262 10.234049320220947
10350.870575709268 0.17247958247970233 10.37621521949768
10201.819168415852 0.1699958953047983 10.36398983001709
10222.939068525098 0.17034782237472076 10.408907175064087
9792.720053357072 0.16317895715046155 10.298049211502075
11479.225579042919 0.1912816917747976 10.329038381576538
7120.358956328593 0.1186486229260007 10.340025424957275
10016.897083990276 0.1669144845500499 10.335664749145508
9435.13570844289 0.15722042467138553 10.404635906219482
14145.982040535659 0.2357186343188114 10.435774564743042
11899.908853529021 0.1982916601643004 10.342761278152466
7581.231609514914 0.12632827868214877 10.450446128845215
13533.440134068951 0.22551166945475126 10.251827955245972
11993.561073563993 0.19985221448596646 10.229728698730469
11155.313122717664 0.18588424381925434 10.97658920288086
10752.678825778887 0.17917503081924055 10.419843912124634
11587.553674520925 0.19308679449946262 10.247777223587036
9768.19773811102 0.16277033464241858 10.353824377059937
7645.282595777884 0.12739557899155227 10.34199833869934
18407.799971219152 0.3067345524401167 10.224316358566284
38964.61463531852 0.6492787649720684 10.446556806564331
