99.26611788291484 0.0016541003427291779 10.422391176223755
100.69864917825907 0.001677971030503974 10.238250255584717
66.74395921640098 0.0011121741050170836 10.263136386871338
82.8664362989366 0.0013808276540489984 10.513938188552856
66.91861981339753 0.0011150845256068568 10.25188422203064
89.72316910140216 0.0014950833973020824 10.544208526611328
113.49465594347566 0.0018911946321449183 11.07826566696167
88.45634307898581 0.0014739739049340144 10.92994499206543
72.42978578433394 0.0012069186953697535 10.342342853546143
77.08338614366949 0.0012844629986372674 10.309046268463135
81.1492984816432 0.0013522144845942562 10.227740287780762
86.18257457856089 0.0014360854356752905 10.464083433151245
101.84373550210148 0.0016970519386841076 10.35269808769226
79.53151632566005 0.0013252569075705512 10.444950819015503
56.279819649644196 0.0009378070882253709 10.46316409111023
101.9660869166255 0.0016990907160737536 10.437408924102783
89.7698267782107 0.0014958608678111132 10.434486150741577
87.15012889541686 0.0014522080761215329 10.502707719802856
93.60361011326313 0.0015597443203295186 10.32932186126709
102.14655416365713 0.0017020978945706349 10.439615964889526
92.59404039941728 0.001542921565040034 10.3202486038208
102.13376573473215 0.0017018847972407611 10.439290285110474
94.12293258588761 0.0015683979425147676 10.358826637268066
87.51948677003384 0.0014583627943680379 10.34336805343628
114.94863860681653 0.001915422770335949 10.325591325759888
94.00495258159935 0.0015664320072118622 10.32918643951416
84.2593718925491 0.0014040385470700364 10.373104095458984
84.80173364374787 0.0014130760794897012 10.481822967529297
72.21838989295065 0.0012033961438300518 10.204077959060669
63.89266272354871 0.0010646621179802541 10.489410400390625
