113.55895731505007 0.0018922661046979663 10.364938497543335
239.12319213431329 0.003984579658191104 10.38113522529602
432.67562441993505 0.007209800422413379 10.511868715286255
319.43379336595535 0.00532281868531548 10.2578604221344
364.541931710206 0.00607446878190843 10.559831619262695
323.2179783480242 0.005385875665978043 10.25270962715149
69.61877077817917 0.0011600779305220553 10.407110452651978
399.9248001370579 0.006664063862685437 10.369807004928589
357.800991948694 0.005962142531948847 10.413541078567505
325.4832064313814 0.0054236218237703766 10.352924108505249
329.8263718597591 0.005495993259027698 10.295795917510986
371.86983110941947 0.006196575711908663 10.463510274887085
252.71501229144633 0.00421106413103757 10.38826608657837
366.60320067219436 0.006108816309233953 10.295270442962646
486.77104600984603 0.008111208247160717 10.340749025344849
333.8765971288085 0.0055634833467690875 10.288563966751099
423.1418788190931 0.007050936832276349 10.418853998184204
215.9697486096993 0.003598767059832039 10.365708112716675
347.4495158465579 0.0057896528594052685 10.482629299163818
290.349223096855 0.004838173988048337 10.310972452163696
365.4468858251348 0.006089548296888794 10.241121053695679
276.41720202192664 0.004606020647850921 10.371960878372192
393.1292572952807 0.006550827745636187 10.245611667633057
245931.6203295067 4.0980304876513625 10.241029739379883
425.38371319603175 0.0070882931738994815 10.446766138076782
340.55272809881717 0.005674729668889002 10.23562216758728
343.4771927604452 0.005723460878512854 10.43425965309143
273.8944293130189 0.0045639829486698764 10.336996078491211
244.09579072054476 0.004067439522172506 10.295971632003784
374.95391127839684 0.006247966641395064 10.317323923110962
