1377.2626824192703 0.022949730719850403 6.514553070068359
1339.6123989578336 0.0223223530394734 6.258090496063232
2304.8605686202645 0.038406565480827874 6.6843016147613525
1675.5668105417863 0.02792045961595754 6.229649782180786
1790.2748965676874 0.029831873988312156 6.3411242961883545
1545.192481867969 0.025747994062335196 6.415153741836548
1743.3022246714681 0.029049154624046437 6.532812833786011
1577.043803980574 0.026278741954430463 6.341924428939819
1720.9940424952656 0.028677426862648077 6.379744529724121
1988.1960323024541 0.03312989173529784 6.864587783813477
1608.1939441207796 0.026797805846329112 6.821909427642822
2206.7666067201644 0.0367719971159201 7.305837392807007
2460.3334017489105 0.04099725475172795 6.771373748779297
1880.2512688077986 0.03133117658353848 6.758064031600952
2334.601942437701 0.038902154687637434 6.998406410217285
2761.767972267233 0.04602014712466114 7.063873767852783
871786.9933484197 14.526841537062406 6.643046617507935
628.1634220564738 0.010467270745281977 6.909163475036621
1127.246948494576 0.018783645453371956 6.427831649780273
1818.8496637307107 0.03030802368738182 7.052884817123413
1850.0628680232912 0.030828138435688296 6.62207818031311
1997.468305626884 0.0332843983364516 6.659592151641846
1734.734478420578 0.028906387763487525 6.8211448192596436
2117.3861932987347 0.03528262515671801 6.637147903442383
1074.3746476685628 0.017902618847492762 6.708154916763306
576.4728962089866 0.009605936401361835 6.461203336715698
1710.0444059297442 0.028494969867430917 6.2970664501190186
2126.3838609680533 0.035432555923559705 6.442504405975342
955.8849966851994 0.015928191152711567 6.811882495880127
1405.7910619312897 0.023425107447929958 6.304651498794556
