1442.1650347912218 0.19213649919813133 1.0021872520446777
1265.8740251709241 0.16864963284690845 0.833235502243042
1378.2379609727068 0.1836196347123354 0.8164224624633789
1032.5605190241477 0.1375657837691412 0.8076672554016113
340.8302811909234 0.04540807429727968 0.8149654865264893
325.2841704870807 0.04333689990688451 0.8133153915405273
684.2393264245475 0.09115971169827462 0.8118979930877686
1495.2365547284717 0.19920710193906047 0.8039047718048096
1143.5660710443044 0.15235481112882654 0.8096158504486084
1102.963826201274 0.14694546268705505 0.8055164813995361
996.8918570037931 0.1328137257963417 0.826063871383667
887.8678016193444 0.11828868890763108 0.8488490581512451
1841.1145821006503 0.24528767644034594 0.796212911605835
88383.13430829626 11.775092034881208 0.8031485080718994
1345.9665711803827 0.1793201879018994 0.8154020309448242
1445.8452014777577 0.19262679977161523 0.8086912631988525
1559.1864768207306 0.2077270104504873 0.7992150783538818
1078.727001197054 0.1437164434030986 0.8265810012817383
1112.6509903058177 0.14823606241267817 0.7966678142547607
1141.1547412277432 0.15203355492153459 0.8239078521728516
1320.5844782895874 0.17593858707764615 0.8174104690551758
840.408747744048 0.11196582276757447 0.8015570640563965
1292.4442183281062 0.1721895216759135 0.8097560405731201
689.1608648378169 0.09181539751687555 0.8134860992431641
1347.3309334836667 0.17950195891302978 0.828404426574707
1222.4089985911269 0.1628588822440796 0.7993183135986328
1477.276828865055 0.19681436687011286 0.806577205657959
1298.7264847350307 0.173026494314507 0.801764965057373
1586.3357113910606 0.21134404370286206 0.8261380195617676
1502.4846320825163 0.2001727474616792 0.7940032482147217
