585.1487356955186 0.009750504451107294 7.198460340499878
754.7655933937058 0.012576879738414735 6.487539529800415
350.7614422282204 0.005844840456944475 6.711442470550537
457.9654315793887 0.007631211872585613 6.831722021102905
504.5927437469363 0.008408176406726576 6.829129219055176
750.8534618699923 0.012511690747123579 6.4130775928497314
199.78356291446835 0.0033290519155615714 6.4974682331085205
788.9535759352148 0.013146564086359424 6.576064825057983
579.3558666687459 0.009653976180969118 6.801685571670532
491.6790213389322 0.0081929912749157 6.650808095932007
447.64233294222504 0.007459195062037021 6.508565425872803
620.2891187742352 0.010336058927637741 6.904798269271851
649.4811869775876 0.010822494894410343 6.766414403915405
379.1837237253785 0.006318449242784645 6.506317377090454
730.442108460702 0.012171570398006103 6.362923860549927
393.4171414375305 0.006555624843261416 6.334781646728516
1097.4756136154756 0.018287556996632776 6.344834327697754
396.91193004418164 0.006613859527515372 6.500921964645386
864.5269420687109 0.014405865180112876 6.486443042755127
631.3382019829005 0.010520173031342828 6.4499921798706055
431.2904853755608 0.007186719445571619 6.278506517410278
987.6862075692043 0.016458104026754652 6.4258527755737305
92.90266335383058 0.001548064239555333 6.284638404846191
474.8652992155403 0.007912819307682532 6.309091091156006
431.36396588012576 0.007187943872701207 6.426275730133057
443.6969745280221 0.00739345240135576 6.277958154678345
732.8069698419422 0.012210976774568852 6.355647325515747
236.9738843999803 0.0039487651150638715 6.318145036697388
191.2181418100372 0.003186323799597868 6.40368390083313
608.3728298693895 0.010137494321889644 6.331677436828613
