179269.45572128147 0.4683663774813545 1.5886290073394775
204361.3625014946 0.533922472553233 1.589092493057251
679736.0899559855 1.7759050409067045 1.683426856994629
187683.97767121345 0.4903504859736253 1.7211573123931885
228771.7917958796 0.5976981129453771 1.629929780960083
284647.6203581095 0.7436814836605149 1.6103734970092773
221173.3907373622 0.5778462337498416 1.6013994216918945
178273.2877623737 0.4657637501882699 1.6214964389801025
10488489.941868529 27.402638221651145 1.645742416381836
240245.91961654276 0.6276758671617864 1.5862410068511963
226577.33561974764 0.5919647910829262 1.567559003829956
153731.28317907453 0.4016443510605016 1.6703321933746338
131062.31799553335 0.3424185277792982 1.6989188194274902
198906.30308428407 0.5196703713912997 1.5567405223846436
232198.20004003495 0.606650080867801 1.6294145584106445
414259.9878526628 1.0823118141647172 1.5723345279693604
208883.5833703056 0.5457374033119265 1.6574161052703857
221253.35119244456 0.5780551415559038 1.6333703994750977
199364.68252569437 0.5208679514119534 1.5681588649749756
213102.43689356 0.5567597447022147 1.6228580474853516
131748.8192030117 0.3442121076303082 1.5903100967407227
232670.643617101 0.6078844053982374 1.636709451675415
194491.9941539243 0.5081373755751543 1.6413378715515137
231016.3189624846 0.60356225223197 1.613908290863037
84111.50373431295 0.21975299779901608 1.5652592182159424
81841.90561848879 0.21382335717189346 1.592637300491333
189322.16394574195 0.49463047537814214 1.6348316669464111
253974.02431109548 0.6635424493388925 1.6742064952850342
216495.17434006184 0.5656237429844093 1.61244535446167
220217.5177726671 0.5753488827314804 1.623598337173462
294821.09721503407 0.7702611064004667 1.6328411102294922
139557.03059214354 0.36461214548517956 1.570509433746338
190378.89221457392 0.4973913249007985 1.6530609130859375
276360.11571703106 0.7220292255472495 1.6437225341796875
141266.74117527157 0.3690790020901676 1.5965282917022705
256199.17136193067 0.6693559553785567 1.6559462547302246
205917.4137707427 0.5379878728369608 1.5986742973327637
245875.38199543208 0.6423836203089108 1.5859174728393555
205918.02646818757 0.5379894735942208 1.6770939826965332
217836.02976825088 0.5691269142139996 1.592942714691162
216881.0817445442 0.5666319797325682 1.603888988494873
224349.99975271523 0.5861455664566285 1.5840539932250977
244614.7289397791 0.639089988928365 1.5773706436157227
217855.95693350583 0.5691789767037662 1.5964114665985107
197694.54626716673 0.5165044882321297 1.5739691257476807
113559.7802002281 0.296690714354892 1.6769468784332275
227983.4833292514 0.5956385474752474 1.6140217781066895
257043.3662752211 0.6715615319606644 1.5943095684051514
239455.1453504786 0.625609859447802 1.5975427627563477
32506.556142367423 0.08492789741307566 1.6265182495117188
196126.48865383118 0.5124077197051929 1.6856894493103027
230424.77137631178 0.6020167519183283 1.5966410636901855
246151.70492187142 0.6431055523722995 1.669449806213379
212122.53872411698 0.5541996244961479 1.6628918647766113
263926.2915442884 0.6895441311813594 1.6322126388549805
242388.65843078494 0.633274070225869 1.6640429496765137
218261.1113513559 0.5702374989503224 1.6233000755310059
244563.30742254108 0.6389556430652815 1.621020793914795
266836.65544213355 0.6971478615017411 1.5888035297393799
286645.21714446694 0.7489004829971854 1.5735163688659668
