375492.0827656947 1.9586600957530853 0.7519738674163818
242176.5635988228 1.263253189664748 0.7647714614868164
256644.65451613814 1.3387223503797985 0.780583381652832
1530349.999722086 7.9826862258019435 0.7525887489318848
179514.54194264114 0.9363924994654186 0.7832059860229492
225599.34820620716 1.1767823111070217 0.7638535499572754
236615.1744504869 1.234243600643408 0.7561101913452148
184309.07686619833 0.9614019861190318 0.7536265850067139
281376.8914420083 1.4677318495644736 0.7732384204864502
423991.54294993356 2.2116453428154315 0.7720084190368652
241131.58093134686 1.2578023001640606 0.74947190284729
308113.7624761462 1.6071980188486341 0.8377695083618164
262305.48194564134 1.3682506342079053 0.760601282119751
110488.45550667495 0.5763352645103648 0.7595369815826416
236451.1790081039 1.233388159627142 0.78786301612854
217456.21708258614 1.134305713814093 0.7477519512176514
176477.21735125035 0.9205490589561314 0.7605500221252441
123110.90686559677 0.6421771102430526 0.8076317310333252
214447.73327696323 1.1186127140166249 0.7861580848693848
173641.31411519274 0.9057562823335971 0.7936608791351318
249976.28379579633 1.303938470151432 0.7826125621795654
162963.8571952507 0.8500600113518648 0.7817826271057129
214069.14573924989 1.1166379072579662 0.7799620628356934
219393.42733631283 1.144410684318693 0.7628073692321777
258376.70237465948 1.347757142803204 0.7930500507354736
304009.7710296586 1.5857905787227577 0.7528705596923828
221526.9329044968 1.1555395800058932 0.7477903366088867
313069.5614845641 1.6330486990783364 0.7883071899414062
203504.18431935087 1.0615284407842362 0.787484884262085
268640.8143247664 1.4012973036154937 0.7685763835906982
