188419.63633537292 0.12308669945786607 7.402804374694824
256556.98819327354 0.16759799304225875 7.3894453048706055
276273.56237637997 0.18047800962659785 7.595948934555054
137634.0749989152 0.08991060780097936 7.476758003234863
264454.3099166453 0.17275698434694714 7.5820066928863525
206035.1499120891 0.13459418067152223 7.468210458755493
155552.07067784667 0.10161568797157482 7.428131341934204
218207.45454609394 0.14254584022959804 7.452182054519653
228396.98695662618 0.14920223729003496 7.531337261199951
211325.28002873063 0.13805000230680586 7.637857675552368
158974.75089025497 0.10385158237641925 7.5650410652160645
193313.1776033938 0.12628344611897016 7.610143661499023
278234.95677116513 0.18175930687928732 7.354929685592651
275689.968567729 0.1800967721020596 7.455671787261963
265295.0877261758 0.1733062294657962 7.510852575302124
205834.1890169978 0.13446290129014787 7.342188835144043
289278.22205242515 0.18897341206038704 7.435237646102905
292060.9310236275 0.1907912399125088 7.499860525131226
181548.79528272152 0.11859826521545425 7.418497800827026
242560.24504706264 0.15845450380443785 7.535672903060913
214553.9386151731 0.14015915046572786 7.596888065338135
201591.436483711 0.13169128779966618 7.494323492050171
220813.79396921396 0.1442484532029495 7.657605409622192
209920.8798303008 0.13713256615999675 7.610065460205078
219062.13765752316 0.14310416910292711 7.356534004211426
232630.48516529799 0.15196780531575127 7.412435054779053
170080.40921887755 0.11110644633626594 7.654384613037109
301396.1262155175 0.19688953405696558 7.520480155944824
283925.19893842936 0.18547650504985316 7.3154802322387695
270417.21758529544 0.1766523035311948 7.318566083908081
