194365.30513954163 0.25400508422273627 3.606572151184082
190871.73867431283 0.24943953872272492 3.532452344894409
248313.53088533878 0.3245069858578581 3.674187183380127
209236.75467699766 0.27343974510299857 3.701399326324463
266893.442341879 0.34878802701888867 3.636244535446167
148839.81593884528 0.194510383198795 3.5568482875823975
216488.87412182987 0.28291713207314456 3.6058099269866943
267818.98925450444 0.3499975722169102 3.499661922454834
293287.05373990536 0.383280353112194 3.4782874584198
210851.77278769016 0.2755503214269633 3.5828347206115723
174651.44028906524 0.2282421431561406 3.51473331451416
117560.6656088233 0.1536334210872246 3.650601387023926
163364.6753142029 0.2134921048919355 3.6120903491973877
226558.9110200405 0.2960770968550263 3.631922960281372
274607.6361692995 0.35886927300791793 3.613267183303833
189454.30295835435 0.24758717171641242 3.509268045425415
123466.02166718245 0.16135079874313837 3.5628788471221924
188434.75234167278 0.24625477836527593 3.5194573402404785
268935.901928097 0.35145720256360014 3.614635705947876
213059.8076799959 0.27843587802557646 3.6525471210479736
210871.24370083213 0.2755757668681081 3.4890475273132324
213545.10111367702 0.2790700807162594 3.573317050933838
214999.80474212766 0.28097115106108483 3.6246962547302246
243825.22401285172 0.31864147007382926 3.677502393722534
237621.85310775042 0.3105346335780674 3.585897922515869
194895.02751857042 0.2546973486029624 3.5237905979156494
153744.74456326663 0.20092035851541953 3.5575594902038574
190167.50546237826 0.24851921595122278 3.633639335632324
240990.3199185133 0.3149366933765229 3.5624241828918457
202408.02770392597 0.26451566593833564 3.5077157020568848
179666.79697720706 0.23479643069765394 3.5328972339630127
287025.12670360506 0.3750969929023552 3.623253583908081
144107.7257526666 0.18832628071493368 3.5147807598114014
261245.05670581758 0.34140646955326875 3.5125339031219482
323022.63478554785 0.42214011135190593 3.6163132190704346
176683.5539648384 0.23089779821244996 3.4640488624572754
236326.6793819219 0.3088420438894089 3.6220145225524902
228558.45722199976 0.2986901913117313 3.5266759395599365
57544.78437562287 0.07520204180172728 3.570291757583618
165202.0752365142 0.21589329949650995 3.639726400375366
234802.29882468283 0.30684991668568273 3.6098997592926025
267263.2036347687 0.34927124725346365 3.581789493560791
146195.28869365156 0.1910543992969227 3.6183791160583496
246020.5342105776 0.32151039748486104 3.488828420639038
156220.90598022938 0.2041563145869682 3.5197315216064453
263940.7589716315 0.3449293312109906 3.63901424407959
346016.46946039796 0.4521894604834077 3.5341367721557617
150311.57920730114 0.19643374782753711 3.6582751274108887
214990.84907013178 0.28095944739711065 3.684633255004883
248147.92320896685 0.3242905625010528 3.56734037399292
241493.64929431677 0.31559446622544235 3.4649851322174072
220407.44026061893 0.28803808574026585 3.56546950340271
223527.65830115974 0.29211572318493156 3.6092453002929688
242109.52354241908 0.316399317637311 3.817478656768799
283207.33433549106 0.3701077348075965 3.4821858406066895
223856.45775695145 0.29254541269870976 3.504488706588745
244079.3680076301 0.31897359656498486 3.6340420246124268
325447.29361091554 0.42530876158352393 3.546198844909668
214378.50016646087 0.2801592030595785 3.491215705871582
189787.66715362668 0.24802282663145092 3.4912171363830566
