3117.1457805205137 0.051941911438275645 5.520512819290161
3219.778322867118 0.05365210749601736 5.423152923583984
2954.1111309453845 0.04922521740923105 5.6020286083221436
2172.8419808493927 0.03620670115717222 5.367671489715576
816320.0611943388 13.602579830823238 5.581308841705322
2783.8847761210054 0.046388685893123394 5.469366073608398
1015.0298624550924 0.016913739342034776 5.428590297698975
2360.14319330547 0.03932775601783089 5.442394733428955
2170.4197950055823 0.036166339566330856 5.430365324020386
2035.940710884519 0.03392547527266593 5.498427391052246
2797.813625895418 0.046620786389013194 5.496586799621582
2170.9410361303017 0.03617502515957688 5.4649646282196045
3032.9883141471073 0.05053957097266316 5.514089822769165
2858.1268564444035 0.047625803382221825 5.420118093490601
2947.6241134833544 0.0491171223407819 5.460993766784668
1693.3037457121536 0.02821601535209376 5.4404072761535645
2424.690074463375 0.04040331956884356 5.525159597396851
2769.798869457096 0.04615396831236834 5.561173915863037
3240.7468394087628 0.054001512017295875 5.441873550415039
728.5811312999576 0.01214056039152001 5.451829195022583
2158.5696388930082 0.035968876950634304 5.626027345657349
2569.0586492940784 0.042808975337395486 5.562461614608765
2345.739780507982 0.03908774773954911 5.509760618209839
2502.0974772991613 0.04169318175234784 5.463867664337158
1203.0753673035651 0.02004719656442179 5.417013645172119
3097.0944753671065 0.051607790678506044 5.376208305358887
2240.4630130482838 0.037333490185708786 5.431005477905273
3788.137902310118 0.06312284932817967 5.70431113243103
2608.603594128974 0.04346792431414261 5.58260440826416
1330.2611624635756 0.02216653065193591 5.556423187255859
