49570.43752667215 0.8260066924226536 5.656671524047852
46253.14730864018 0.7707297157099051 5.573273658752441
41922.0501634758 0.6985593777839287 5.376183032989502
28543.026181872934 0.47562078982127676 5.437785863876343
46067.31148119364 0.7676330789880657 5.525209665298462
41397.75710656587 0.6898229292995813 5.416174411773682
39179.943139662966 0.6528668467912409 5.48400092124939
42365.108011842705 0.7059421802392133 5.363797903060913
45171.47544646636 0.7527055012437708 5.446189641952515
38288.22206648532 0.6380078378542565 5.521461486816406
50300.8228882188 0.8381773172302409 5.53476619720459
41385.77435970493 0.6896232572854818 5.410332918167114
46502.43421041872 0.7748836562332582 5.630396127700806
42907.964820882306 0.7149879619524098 5.576391935348511
48101.382105872035 0.8015273924675593 5.571846961975098
37910.160394320264 0.6317080856846533 5.639140844345093
66000.64584125765 1.0997880569394305 5.445572376251221
39250.497906445526 0.6540425214968223 5.444485425949097
55409.40300065279 0.9233030811369496 5.510901689529419
52165.7023188388 0.8692523483800997 5.452845573425293
37972.50452249404 0.6327469441187167 5.407773494720459
52988.840510670096 0.8829685407150067 5.510719299316406
64316.04344801791 1.0717170347674247 5.8645899295806885
40280.75577135291 0.6712100094956256 5.383647918701172
37418.85784256179 0.6235213676324176 5.383281469345093
39201.596324006096 0.6532276601322581 5.550996780395508
42831.067211856134 0.7137065946121932 5.720749378204346
46656.92243937962 0.777457938757062 5.47471284866333
33886.20287094265 0.5646557050687678 5.836837530136108
41666.80511186924 0.6943061548681265 5.655566692352295
