6708.725851934403 0.11178946016655632 5.615320205688477
6916.617272093892 0.11525361567772346 5.540109634399414
1979.6852049948648 0.032988073331731406 5.684507369995117
4587.424387230538 0.07644159369778517 5.4474077224731445
2633.1080394992605 0.04387624905122147 5.539425849914551
8201.354494735599 0.13666156761148532 5.435086965560913
5617.510553224944 0.09360622062740535 5.404352426528931
5517.129600071348 0.09193354345863877 5.481927394866943
5230.640204907395 0.08715968691185694 5.522266149520874
4122.775374637917 0.06869901136083138 5.535435199737549
5537.377803389914 0.09227094519009758 5.3973259925842285
5416.484233963303 0.09025646029951107 5.545391321182251
6959.97883641161 0.11597616210070145 5.577270984649658
4672.089103979059 0.07785238662469281 5.44867730140686
4918.991079128347 0.0819665864183894 5.558594226837158
4343.384511969052 0.07237508591125384 5.505450963973999
5135.838472587988 0.08557997793093546 5.596397876739502
3208.8161838678643 0.05346944216909184 5.580311298370361
7771.378264362924 0.1294967479812492 5.3785459995269775
5047.130800805986 0.08410181606234714 5.511260032653809
6826.822115072049 0.1137573327246574 5.537032127380371
4212.7589856358245 0.07019843457759511 5.606700420379639
9428.63742320519 0.1571121418446963 5.519254207611084
5038.012514485978 0.08394987539166615 5.501743793487549
7487.0866438550875 0.12475951359608158 5.37783145904541
3958.707719969563 0.06596510406591938 5.619601249694824
4670.690725425258 0.0778290850340349 5.677418231964111
10966.660737133585 0.18274067396574833 5.598177909851074
687.5431528659537 0.011456732559422613 5.489853858947754
6820.9244877602905 0.11365905883659042 5.384228944778442
