8484.910540324636 0.1413865448967357 5.430862665176392
10642.588349648751 0.1773405610305372 5.4091479778289795
2773.989120943472 0.046223791697905706 5.419024229049683
127.95440003555268 0.0021321415752568887 5.585931777954102
9293.323834261857 0.15485737195321042 5.498783588409424
17191.747969102114 0.2864711224160793 5.51229190826416
5209.271244383417 0.086803609675431 5.405348300933838
11655.942755318247 0.19422638174633383 5.3710620403289795
10006.948550243862 0.16674870922377988 5.464764833450317
8428.831168740056 0.14045207793321948 5.6263861656188965
8070.7152988594025 0.13448468849823583 5.5138444900512695
9028.100906973705 0.15043788477789422 5.556175231933594
9160.889742685482 0.15265058396817113 5.447880268096924
7350.105845991522 0.12247696251494941 5.337186098098755
5702.257426244207 0.09501838254827075 5.496971368789673
13546.936947481707 0.22573657080244094 5.429472208023071
9068.197564521804 0.15110602710487467 5.431271076202393
13266.23193838168 0.2210591011717074 5.405526399612427
11194.738759994507 0.18654120473928207 5.426421880722046
7652.879101444967 0.12752216178632106 5.415282249450684
3961.903679382056 0.06601835927194837 5.550635576248169
7069.7301123496145 0.11780497969743817 5.334364891052246
1680.498597521335 0.028002639424205514 5.486377477645874
13053.238683349453 0.21750993229453455 5.560542821884155
11058.924843997695 0.1842780977518335 5.440827369689941
8943.175779378042 0.14902275254890954 5.418896198272705
8796.375337750651 0.14657657387296824 5.808429479598999
9357.34521294944 0.15592417890292948 5.4162280559539795
10965.326844041236 0.18271844691518693 5.501098155975342
8277.028881930746 0.13792255204872259 5.396501064300537
