11528.060682945885 0.38431083551982487 2.883265972137451
47862.485489306506 1.595591166141437 2.710880994796753
47956.490769381635 1.5987250191564888 2.691298723220825
40848.93710644869 1.3617805788184334 2.7590315341949463
43925.565143983345 1.4643460947545028 2.6968345642089844
5607.681418376043 0.18694321538515535 2.870652914047241
32782.0187587305 1.0928538082586556 2.687394857406616
40149.12046750216 1.3384507990210313 2.7291738986968994
34012.44767438015 1.1338726038415596 2.8472490310668945
39508.065277867485 1.3170799490299931 2.754822015762329
33528.96790249972 1.1177548438645344 2.7681870460510254
40544.90773340734 1.3516451548655615 2.6959009170532227
34391.36531632114 1.1465045772126723 2.8339486122131348
59851.67272227863 1.9952745725207408 2.7425637245178223
40125.68546356773 1.3376695465458621 2.761204242706299
40481.78816806665 1.3495409385918204 2.8570635318756104
21779.848569233436 0.7260745784865552 2.7149710655212402
42370.906734432094 1.4125184640059558 2.8699800968170166
34829.89281225437 1.1611237636478926 2.689955234527588
41762.68244202994 1.3922420972843335 2.725645065307617
1510.1590600213967 0.05034415640986618 2.8797714710235596
38682.23155100737 1.2895491389224807 2.7636821269989014
38181.074826762546 1.2728420825738072 2.68925404548645
65608.63577545993 2.1871943881665667 2.727872133255005
58011.03645146079 1.9339133008740221 2.7312493324279785
47302.0933584529 1.576909379677068 2.821375846862793
32614.486021344084 1.0872687711867095 2.7223551273345947
46234.98251810856 1.541335117021452 2.776857852935791
15751.10946546169 0.5250945675529646 2.705872058868408
42884.634894224815 1.4296446141668475 2.6877591609954834
