137818.31276103947 2.296506836716223 5.5132153034210205
193033.34615357313 3.216571080249135 5.46445894241333
139695.6634323746 2.3277896797960844 5.517558574676514
145943.84798092302 2.431905005585086 5.461877346038818
168399.19278699718 2.8060849809079857 5.426779747009277
104879.0605467381 1.7476304472800606 5.664758920669556
221646.90740572102 3.693367216567329 5.406949758529663
131757.3798364196 2.1955117394797488 5.439232587814331
128377.15363204479 2.139186042027236 5.424238920211792
82745.99734875094 1.3788207446117318 5.541808128356934
191593.95451156516 3.192586076512259 5.416746616363525
105597.87518811971 1.7596082657948382 5.518695831298828
171843.32485797815 2.863475560498635 5.473233461380005
66949.04810622428 1.1155915611459393 5.4292097091674805
176808.87125891075 2.946217911854695 5.424948215484619
90719.66333882045 1.5116882721052394 5.492921590805054
111706.5109391436 1.8613982491736025 5.4100542068481445
188797.23558341153 3.145983531391752 5.477751731872559
172561.73408175446 2.8754466234213316 5.537473440170288
193028.983939711 3.216498391404257 5.525162696838379
120655.58646653593 2.010519310948465 5.4488844871521
158199.34258052707 2.6361218949917156 5.511685371398926
162001.85147851706 2.699484212422269 5.489340305328369
164630.83180705365 2.743291680218983 5.369467496871948
303799.3659204962 5.062297650067464 5.645467758178711
171231.795176832 2.8532854626410153 5.421704053878784
96583.0846657781 1.609392175847359 5.754706859588623
151959.49823527597 2.5321455444485155 5.451754570007324
102498.45988748036 1.707961802526328 5.573065757751465
238671.5949446531 3.9770545621953737 5.547237157821655
