395652.04994464666 6.592865777090918 5.913304805755615
305474.15505834017 5.090205151095906 5.509223461151123
372799.06423186325 6.212059795089215 5.474144220352173
215818.19844098575 3.596241735065078 5.448549032211304
350708.6724738879 5.843961139100797 5.434581518173218
403705.6190867126 6.727064754165825 5.477053880691528
416588.292598173 6.94173250913645 5.570939064025879
276798.8169747442 4.612379609374838 5.475748777389526
383525.37396771833 6.390795430054053 5.376022100448608
319275.479946902 5.320180662530872 5.618811845779419
354416.9043675829 5.905752491246904 5.401144027709961
334477.4447286008 5.573495445982202 5.493412017822266
326628.97341660596 5.442714074010112 5.403205871582031
256188.53653136175 4.268944480931974 5.428032875061035
518300.592340366 8.636594295327962 5.524123907089233
402503.12041224726 6.707027167202763 5.332658052444458
298751.54101762176 4.97818426797943 5.343219518661499
248879.47044266295 4.147151375890765 5.501943111419678
325941.05150313675 5.431251030052027 5.422494649887085
252916.41021765396 4.214420083560645 5.490150213241577
327397.24832142796 5.455516063354303 5.490418195724487
162647.56836019363 2.7102439815969537 5.454864025115967
394616.99929223675 6.575618425472787 5.422698736190796
526684.241445262 8.776293491322374 5.547413349151611
284541.0727131963 4.741391080192866 5.5776121616363525
308374.0531377932 5.138527000578936 5.6696860790252686
259452.6081047356 4.323334659810316 5.440653085708618
190311.51877306215 3.1712164748815392 5.3281402587890625
646153.2788510695 10.767040988384343 5.513744115829468
381135.93620588444 6.350979530076567 5.548188209533691
