34050.59921439248 2.270677251041291 1.5473628044128418
47680.984050065046 3.179624684665833 1.3726582527160645
38925.93313259655 2.595790760779962 1.3919615745544434
33678.00642509316 2.245830758172338 1.4040043354034424
38877.65361570846 2.5925712227037363 1.4064736366271973
31592.87426333106 2.1067829212953146 1.364715337753296
33216.397597307805 2.2150481966810553 1.3707194328308105
40536.63128482667 2.7032007840084895 1.4174399375915527
20284.27084270818 1.3526643706472405 1.3651108741760254
59548.70614996622 3.9710282786012754 1.369945764541626
26494.747570203617 1.7668123900243744 1.3771896362304688
36536.59030883573 2.4364565193854895 1.387566089630127
40001.53884737543 2.6675179398601494 1.3400769233703613
35542.90488058189 2.3701922259902206 1.378363847732544
80765.67947980389 5.38589027185656 1.3489341735839844
37119.556194490055 2.4753318227642596 1.398000955581665
63860.165662304265 4.258539607603485 1.3484022617340088
34730.39204309136 2.316009496204692 1.3900866508483887
16015.549480391433 1.0680030515492303 1.3724126815795898
47137.94232534082 3.143411739250871 1.3653795719146729
34750.182644952554 2.3173292400702166 1.3987605571746826
35710.64807196311 2.381378244958292 1.4119699001312256
13875.844574999996 0.9253160103602408 1.3429880142211914
38575.68646605639 2.5724344276664577 1.385880947113037
24888.309366919333 1.6596864431229919 1.4026687145233154
27720.437574249227 1.8485479974212249 1.344796895980835
37468.382555927616 2.4985934422879765 1.3598449230194092
38955.12476897868 2.597737416233402 1.3686151504516602
29704.23809733847 1.9808384951602063 1.3912394046783447
23998.222953989636 1.600330689746231 1.392557144165039
