50963.3495180998 0.8492171921535856 5.398919105529785
61117.62878658064 1.0184209162074787 5.448415040969849
71407.67046364024 1.189886888965655 5.487840890884399
15096.971494654194 0.251565249614523 5.483353614807129
54492.71829254087 0.9080280958529376 5.419781684875488
53311.92002873868 0.8883521091768697 5.483389616012573
43903.003372328356 0.7315685802346418 5.388824224472046
57657.84107951727 0.9607694621758639 5.4841485023498535
57201.523226166144 0.9531657043809653 5.83126425743103
46961.890440453775 0.7825397097163453 5.540093898773193
53289.833908342756 0.8879840816958359 5.506553649902344
49451.73060451355 0.8240286442747602 5.401625871658325
48136.58602456655 0.8021140056566305 5.413586616516113
50765.611651915126 0.845922228280692 5.454071760177612
42922.384869993664 0.7152282474464531 5.569154977798462
47205.52082486637 0.786599394037147 5.4771409034729
41681.79764371086 0.6945559798092695 5.429503917694092
38382.14013634529 0.6395728221092777 5.37729024887085
47417.5783031052 0.7901329697920371 5.573770999908447
63069.86599813402 1.0509516156000744 5.40156364440918
56617.304120178334 0.9434306906214548 5.40108585357666
53129.018250819296 0.8853043633800705 5.51587176322937
70110.62257019989 1.1682738007253513 5.4969916343688965
72410.36994125415 1.2065951635002936 5.533311128616333
76295.14908179827 1.2713283740342294 5.425325632095337
63473.521170486696 1.057677839745563 5.559821844100952
48500.13995048124 0.8081720110091247 5.489300489425659
47609.60357739963 0.7933327430761874 5.368296384811401
54549.178245960735 0.9089689045628383 5.42008638381958
17399.130102004856 0.28992679152479717 5.54047417640686
