44128.43662730511 0.7353250404677238 5.476628303527832
41928.68289414048 0.698669900914073 5.479109525680542
35980.79169479199 0.5995584509935403 5.502637147903442
39059.000733668916 0.6508515481226538 5.443070411682129
33843.295523433946 0.5639407273932686 5.552284002304077
43461.615078298375 0.7242135980513675 5.506797790527344
45466.139341597445 0.7576155718733197 5.470873117446899
44710.401568901725 0.7450224924269789 5.524718284606934
42026.94951363653 0.7003073463229784 5.665668249130249
29149.54557329882 0.4857273997565297 5.467809200286865
37232.80280630104 0.6204210781700213 5.470433950424194
47656.73709282745 0.794118142623243 5.399712800979614
39967.88633638807 0.6659965746334379 5.426172971725464
43156.94468269963 0.7191367861791259 5.562959432601929
46163.94148717355 0.7692432530274878 5.3887317180633545
87949.53834214713 1.465528869439724 5.37196946144104
47479.57732027955 0.7911660775406238 5.497895240783691
37841.5429740781 0.6305646935508575 5.4327075481414795
38344.31487021502 0.6389425286415338 5.509722948074341
34910.18225044198 0.5817185728297017 5.385967016220093
2960.8046131515875 0.049336752860072296 5.497874975204468
45931.81091786828 0.76537519348779 5.536529779434204
32761.404510453343 0.5459128611531722 5.449050426483154
50311.65670138132 0.8383578442262328 5.416590690612793
38758.51005513873 0.6458443840978657 5.634015321731567
43704.50777104311 0.7282609900002435 5.494431257247925
3135469.209779173 52.2472400968666 5.482793807983398
53007.222145677544 0.8832748392730063 5.376527786254883
40609.69157259818 0.6766911629161458 5.436733961105347
42175.23783074692 0.7027783179030733 5.542174816131592
58110.37500330713 0.9683101672462514 5.434464454650879
27371.449411326088 0.4560984635832259 5.4271790981292725
49400.91370827891 0.8231818674764845 5.643110513687134
73496.25431053061 1.2246895722038056 5.3510658740997314
48055.563026972115 0.8007638957606438 5.414390802383423
41115.86445023399 0.6851256695558148 5.522063970565796
36942.630570167676 0.6155858533674877 5.4273622035980225
26384.05442561861 0.43964521227149184 5.47935938835144
41613.468146731146 0.6934173854249706 5.459856986999512
44082.54963324871 0.7345604120707008 5.521575689315796
36961.25601600297 0.6158962146165896 5.754341125488281
25708.832955300808 0.42839379951061257 5.428669452667236
54075.39069205988 0.9010740440404131 6.007207632064819
22748.90925549995 0.3790717255672385 5.784688234329224
64860.21353846602 1.080784700072669 5.49617862701416
53170.90633974597 0.8860023568518369 5.661924839019775
40709.19279947877 0.6783491809488373 5.740035533905029
41717.300696526654 0.6951475775576554 5.549870491027832
31980.56039180886 0.5329014273244478 5.4714577198028564
44272.55162463896 0.7377264708003123 5.5281288623809814
48793.81552567985 0.8130656129747035 5.458321571350098
46027.62572599389 0.7669717836470429 5.466205835342407
22930.019924712367 0.38208962559602294 5.3978352546691895
45184.66205308121 0.7529252335248979 5.4346842765808105
50351.07112731319 0.8390146183283418 5.458114385604858
10648.73921547737 0.17744305470604485 5.404296636581421
47858.418314911425 0.7974788157883266 5.37868595123291
39251.55335134175 0.6540601086836874 5.4371795654296875
32407.58603138104 0.5400170803975702 5.382209777832031
38965.24716268107 0.64928930496043 5.384944438934326
43008.01405046787 0.7166551115143829 5.941145181655884
38059.399451049045 0.6341948997169581 5.570826292037964
55567.07200086862 0.9259303657820729 5.617237567901611
43130.56392485183 0.7186971958986943 5.808408737182617
36866.29312231578 0.6143138201566813 5.556922197341919
37554.31819446385 0.6257785830779908 5.892644166946411
32651.20823397208 0.5440766283822873 6.029458522796631
28186.93450922426 0.46968713017654357 5.872499465942383
21015.977329581045 0.35019537426306246 5.722004413604736
52744.458384345286 0.8788963298989502 5.995738506317139
41005.68991423026 0.6832897990528627 5.543408155441284
43568.7795749018 0.7259993113878072 5.638481855392456
30588.522614688613 0.5097054948820966 5.464046478271484
28057.735286878422 0.4675342457632067 5.665141582489014
46901.29450521059 0.7815299819321686 5.511454105377197
52790.064481373876 0.8796562776266786 5.41706109046936
45744.406980450265 0.762252426891059 5.580110311508179
41995.47919042688 0.6997829471269881 5.549456357955933
47387.97898445744 0.7896397476920497 5.487168073654175
36879.64277280867 0.6145362692856142 5.464932441711426
29688.772964093834 0.49471270341245627 5.388832092285156
28941.29130994156 0.4822571980830808 5.39536714553833
48308.039286199026 0.8049709814795674 5.513801336288452
46268.0166497929 0.7709774878885842 5.490192174911499
41023.220582948066 0.683581917710798 5.628913402557373
41419.39385046717 0.6901834686887101 5.430602550506592
42791.24983704742 0.7130431060551475 5.472794055938721
46339.977619588375 0.7721765945660733 5.570516586303711
50013.229609499685 0.8333850663490591 5.499669551849365
39804.94871666469 0.6632814974411796 5.476365089416504
