23589.451485440135 0.39307792647722395 5.462963342666626
25242.288568942808 0.42061963400649377 5.362238168716431
15720.26007050462 0.2619512893723125 5.521373987197876
17480.52094813902 0.2912830309885418 5.4717116355896
14552.190179794095 0.2424873992982104 5.853999137878418
4611894.047533561 76.84933880111878 5.50209903717041
11531.799945101142 0.19215775380653988 5.465407371520996
20639.456327679567 0.3439212947324761 5.467642784118652
17370.57966652792 0.28945104727172616 5.536895513534546
33548.81996722892 0.5590337951103055 5.602783203125
29075.511191045865 0.4844937432010995 5.427067041397095
23256.158333892934 0.3875241652547515 5.475636005401611
21073.96702602133 0.35116167352813277 5.534714460372925
27861.905963959172 0.46427108450470733 5.5593321323394775
15694.504445469938 0.2615221158627034 5.522883415222168
20170.48332509678 0.33610666048619786 5.461386203765869
9168.25420057401 0.15277330008296672 5.4777302742004395
21011.31986662466 0.3501177655962111 5.42671537399292
20117.14503568504 0.335217868976283 5.45743989944458
19680.27867545467 0.3279382370978988 5.520075559616089
10005.495326850563 0.16672449373752754 5.505177021026611
17761.47820014134 0.29596470381649953 5.551807165145874
20215.91067422647 0.3368636296854299 5.720903635025024
19752.97057673894 0.32914952350047344 5.554462909698486
14496.857465803623 0.24156537410847007 5.436962127685547
28980.996320618317 0.4829188142837461 5.401726961135864
10166.474333545193 0.16940693398828727 5.40535306930542
18403.5038249325 0.30666296449856406 5.478663444519043
8804.43565638829 0.14671088531886112 5.331057071685791
10132.40528366249 0.16883923145000623 5.333186864852905
