35449.20932487573 4.722820769267504 0.8324651718139648
26200.447244209237 3.490628388211102 0.6860332489013672
45137.19512693782 6.013529967857166 0.6789021492004395
48644.96029533143 6.4808618634483395 0.6848628520965576
42053.63813683984 5.602714401772442 0.677598237991333
35320.77143600141 4.705709269725232 0.6828529834747314
30133.66616773489 4.014642558791422 0.6942942142486572
40810.53211270145 5.437098099998328 0.6792116165161133
38784.73834687518 5.1672060190829106 0.6984057426452637
43297.172139912494 5.768387722245647 0.6869595050811768
28050.563037895598 3.7371152764204876 0.7142589092254639
41713.52033788606 5.557401249928199 0.6834325790405273
31678.732124404632 4.220488323168668 0.682248592376709
47586.24082294456 6.339810979430233 0.6872644424438477
36423.251943925396 4.852590340973335 0.6873190402984619
19886.437329175184 2.6494266313313433 0.7205209732055664
33096.1481190105 4.409327561772476 0.6999523639678955
47131.63114058529 6.279244323906838 0.7174365520477295
32727.421806848142 4.360202960168632 0.7214441299438477
29981.286540642148 3.9943413537334624 0.7058637142181396
42447.614721125574 5.655203042007473 0.7005608081817627
41902.406193912495 5.582566100170331 0.6911132335662842
41778.76641283033 5.56609384205447 0.696021318435669
43290.731779737165 5.767529687119423 0.6882929801940918
37167.02539545728 4.951681654190852 0.682396411895752
45380.39653288701 6.045931160239359 0.7038938999176025
35622.64373724838 4.745927057403653 0.6798782348632812
16110.011196485138 2.146301621980077 0.6948771476745605
21416.134735207772 2.853224877258248 0.6859290599822998
32488.26201909629 4.3283402237556245 0.7100963592529297
