66230.1921222806 1.1036130537279634 5.486879587173462
76296.90186236985 1.2713575811293187 5.503035068511963
63060.61279119365 1.0507974267076525 5.440968990325928
77490.35778034944 1.2912444859974095 5.472572565078735
95002.92812056746 1.5830615653758027 5.570721864700317
65027.522242737934 1.0835726139246458 5.513477325439453
82615.30222019926 1.3766429334759587 5.373304128646851
60149.68846022617 1.0022918435721129 5.401575326919556
62195.967246584594 1.0363895852187364 5.487702131271362
56634.0095780883 0.9437090585504485 5.557461977005005
65291.51650458388 1.0879716274884983 5.447679042816162
67375.16478398349 1.1226920679226373 5.444891452789307
71505.70331687294 1.1915204390589729 5.4151411056518555
52379.05166154541 0.872807450850293 5.536911487579346
64297.150991471484 1.0714022242407826 5.476248025894165
65304.3491375735 1.0881854614036242 5.402448415756226
25322.73547725007 0.4219601443582686 5.47474479675293
66210.92267325707 1.1032919612654615 5.671000957489014
57616.57413243875 0.9600818189723039 5.415912628173828
59962.42625959776 0.9991714387769437 5.547130584716797
111050.14674023911 1.850461060639206 5.443967580795288
70025.64861664549 1.1668578548951418 5.596721172332764
63034.845973826945 1.0503680666969428 5.459645509719849
66543.70260153245 1.108837170498515 5.519623279571533
58133.93397412449 0.9687027372644454 5.393616199493408
44445.294590556994 0.7406049373428046 5.502009868621826
52134.88503772579 0.8687388310154827 5.522437810897827
68750.81008869596 1.1456148478049188 5.4540252685546875
51178.78775192797 0.8528071024272247 5.494457483291626
53876.36720084865 0.8977576574218495 5.586215019226074
