20609.07081519533 0.34341497205474775 5.394609451293945
13461.69623119384 0.22431617982681573 5.52304744720459
2856.058711715974 0.04759134128198996 5.458296060562134
15527.351609008387 0.2587367992816186 5.486534357070923
21360.144309896976 0.3559303292732718 5.445617437362671
11182.162846130319 0.18633164860999513 5.737540245056152
6917.703186077997 0.11527171057990751 5.638493061065674
20730.479839279316 0.34543804611698326 5.424281597137451
18597.060428534634 0.30988825477065285 5.375333547592163
18912.954228896648 0.3151520855176268 5.564148187637329
19667.90027116891 0.3277319721284591 5.422633171081543
21028.876169413328 0.3504103114021632 5.4157938957214355
14136.91939537786 0.235567620813083 5.449655055999756
19482.363414178602 0.3246403172387358 5.549371719360352
20250.11765394546 0.33743363058889675 5.474694490432739
19337.895908341743 0.3222330129539059 5.483479022979736
30663.55170556903 0.5109557265581891 5.47483491897583
20498.75432521943 0.3415767361312572 5.364304304122925
29658.429600424133 0.4942070830727467 5.481604814529419
8065.542511834763 0.13439849283578012 5.536414861679077
28541.466291851364 0.47559479691781353 5.518503665924072
19393.465653266758 0.32315898785940445 5.5792505741119385
31717.548750141636 0.5285187874479024 5.713864326477051
33739.68750363868 0.562214276669619 5.740480184555054
5300.221126588061 0.08831913415180195 5.784303665161133
17932.15874212142 0.2988088035859642 5.770940065383911
34568.72432541661 0.5760287595997912 5.652759313583374
17437.5892491024 0.29056764753641384 5.552875757217407
7579.572735958733 0.12630063638711048 5.404822826385498
7123.309296907857 0.11869778531360495 5.385722875595093
