103442.2164949067 1.7236878947830845 5.39039421081543
73874.7568197241 1.2309966701696924 5.410562515258789
59307.62526003085 0.9882602982901105 5.499330520629883
86923.83133148961 1.4484372136557282 5.383556127548218
95090.30261882115 1.5845175121841353 5.786465167999268
62638.847889933735 1.043769434855004 5.547806262969971
103542.24358301144 1.72535467539509 5.485074043273926
93943.97236013878 1.565415875954099 5.605485439300537
24158.29539990984 0.4025567389255315 5.405716419219971
81745.54089590348 1.3621498462545247 5.470247983932495
81643.26547303516 1.3604456009830537 5.4803831577301025
87623.68907669652 1.460099147867499 5.420539617538452
91210.9381388314 1.5198745277219932 5.751589298248291
61289.051304038614 1.021277379731248 5.444508790969849
83445.21729205549 1.390472050943942 5.408294677734375
62018.584683080204 1.0334338077052763 5.352457523345947
74664.81874482054 1.2441617030021512 5.380156993865967
76254.83099804074 1.270656542017587 5.617083787918091
84819.40208762884 1.4133704939354588 5.547381162643433
59878.95780623052 0.9977805795364858 5.394360065460205
20278.749146677554 0.3379107255227075 5.375156402587891
71880.62918773573 1.197767938454725 5.499658584594727
75551.15709002595 1.2589310179692936 5.537075996398926
67258.15515599307 1.120742302283672 5.475984811782837
80514.92905757483 1.3416438014231256 5.45096230506897
134214.14847010933 2.2364495934591466 5.4063849449157715
77666.05136748031 1.2941721196037854 5.407256126403809
58257.93061436713 0.9707689295312221 5.679370403289795
73946.13190750312 1.2321860141238585 5.361382007598877
86924.36535961926 1.4484461123225756 5.4344305992126465
