26903.917232751846 0.44830783820862685 5.566158771514893
4481.414474347606 0.07467511952742246 5.822562217712402
18570.712073709816 0.3094492044312663 6.074244022369385
15249.618578988127 0.25410885260714916 5.511066436767578
8859.159828552045 0.1476227701982356 5.334761142730713
43261.65673272777 0.7208816336813091 5.4880006313323975
33190.413325035945 0.5530615604512744 5.617174386978149
20021.997432522476 0.3336323966483866 5.400827884674072
22428.75850928668 0.373736960087027 5.37184739112854
19640.82318410091 0.3272807787106596 5.563053846359253
31527.948066867888 0.5253594158327587 5.546659469604492
25110.07992754411 0.41841660276367554 5.554703235626221
15833.036668566056 0.26383051879604474 5.581012725830078
22912.339317574166 0.3817950084703542 5.430976867675781
13612.707551340573 0.22683252560257502 5.52551794052124
29515.290895716287 0.49182192098960437 5.4830546379089355
20843.263223974966 0.3473173886283855 5.406361103057861
29120.76597602945 0.48524783691351586 5.3929407596588135
23472.59344769083 0.3911306868307639 5.470941066741943
21093.908550724387 0.35149396498416385 5.382806301116943
12343.44812138658 0.2056824846533007 5.492815732955933
13300.664382331073 0.22163285905155997 5.456293821334839
39101.913052126765 0.6515666086305317 5.482433795928955
23572.004067528993 0.3927871950518185 5.503434896469116
22780.04586361628 0.3795905639710672 5.505084991455078
18651.547764318064 0.3107961931761829 5.391212701797485
18485.22933610063 0.308024780583609 5.472779989242554
24625.724105216563 0.4103456400948235 5.595709562301636
30895.887086461298 0.5148271989332377 5.572190523147583
13434.035346850753 0.2238552584243483 5.402444362640381
