33760.38410903327 0.562559150255961 5.480564117431641
29648.08084806055 0.4940346387866549 5.434509754180908
38722.748706753366 0.6452484822948914 5.39302134513855
20083.150518265553 0.334651408394226 5.359133958816528
28661.85902947467 0.4776009363016434 5.467923879623413
40959.78453986347 0.6825248643793542 5.437938690185547
24015.980771816336 0.40018530867193286 5.514486312866211
25268.171068809927 0.4210509216685276 5.5321595668792725
18500.95589439664 0.3082868368221542 5.446658134460449
15288.193503133953 0.2547516378455688 5.398806571960449
35020.14446587954 0.5835509053729876 5.332442045211792
32592.84261540603 0.5431040650169345 5.693130254745483
22231.80648579821 0.3704550909407213 5.57754111289978
26926.323259522207 0.44868119638310255 5.383816480636597
19971.94221579004 0.3327983119383332 5.422941207885742
28692.5178768225 0.4781118136381133 5.61686110496521
41485.42723897286 0.6912838023462392 5.563415288925171
35495.13973369636 0.5914658903854696 5.537623882293701
24018.59267733246 0.40022883161713857 5.5117881298065186
24607.760634228587 0.4100463095261307 5.407828092575073
29498.349896779284 0.49153962817161667 5.485327243804932
45797.65638158843 0.7631397372296848 5.4393463134765625
9516.371864500456 0.15857408648916022 5.409725189208984
37349.13624735549 0.622359576308389 5.612635850906372
29422.331368189305 0.4902729092057076 5.616981029510498
29043.45385058783 0.4839595623650849 5.682470083236694
22358.594033244066 0.3725677889101468 5.397078514099121
29303.44105857238 0.48829180521898286 5.383975505828857
30152.834322929382 0.5024454935030553 5.478236675262451
27375.32445181068 0.4561630345156885 5.3806023597717285
