40131.98293068167 0.6687309641577859 27.72019100189209
41503.198163062334 0.6915799244496712 27.57388472557068
36788.13402353227 0.6130114322438418 27.9576895236969
39861.073131001554 0.6642167149652455 27.962288856506348
37910.059101583436 0.6317063978141665 27.61183762550354
56931.691556347534 0.9486694203814983 27.62605333328247
25873.62694699783 0.43113980997177787 27.37385320663452
18745.295545517467 0.31235833986146916 27.486971855163574
28240.234948405065 0.4705752909769949 27.6919903755188
39285.78500347957 0.6546305207108822 27.2957763671875
21683.154531355016 0.3613127430254543 27.799358367919922
35012.60215372499 0.5834252256205616 27.514545917510986
43958.365299612284 0.7324910922140314 27.397146224975586
39007.16760515608 0.649987837548831 27.68193006515503
59341.73107338231 0.9888286134288191 27.52055311203003
39161.54235185217 0.6525602290844799 27.638822317123413
68734.5772763677 1.1453443557074308 27.735353231430054
50371.68604120612 0.8393581306653088 27.807416200637817
52938.776887358166 0.8821343159236615 27.476539373397827
22780.886655785143 0.3796045743367825 27.621439695358276
42985.94328353088 0.7162873398725239 28.7703697681427
44710.28578802571 0.7450205631363933 27.23347568511963
49531.944841227494 0.8253652775517539 27.359631776809692
36172.08644548431 0.6027460513493402 27.227622270584106
44092.2434883127 0.7347219436116303 27.36981177330017
18366.340689895675 0.30604370431480415 27.424328088760376
29251.200056388043 0.48742129812693 27.967000246047974
34118.01909112092 0.5685185265170623 27.730829000473022
22750.625456944108 0.3791003231336339 27.650906085968018
61740.12642600015 1.0287937763602895 27.38315749168396
