20745.14675817266 1.383398057599677 6.773036956787109
38385.0246504799 2.5597200714653847 6.584616422653198
14373.465800572885 0.9585000723918438 6.4833643436431885
38671.73569313856 2.578839507164248 6.5819175243377686
58011.55408517108 3.868522704383769 6.603857755661011
33221.96119651524 2.2154192074252337 6.4610514640808105
57104.30454630265 3.8080224213797775 6.5282018184661865
50902.30290901917 3.3944395666396483 6.4837634563446045
27559.244276120095 1.8377987605934794 6.560884237289429
39235.21455086372 2.616415310621429 6.638587474822998
57632.31192283961 3.8432327955272525 6.653521776199341
39762.36599751469 2.6515686067566087 6.590428590774536
40159.81967206462 2.678072957280985 6.522874355316162
58841.17713624681 3.923846435315966 6.568435907363892
38772.12161598983 2.5855337808804895 6.6285107135772705
22661.410970174707 1.511184870565319 6.572062730789185
40139.73678709101 2.6767337224041556 6.543467998504639
43307.346030606655 2.887966958100017 6.634575366973877
34982.47063048929 2.3328194533591957 6.53015398979187
33751.448001726065 2.2507282378404914 6.5036327838897705
48712.4105325744 3.2484057547201184 6.609791994094849
33496.44634988508 2.2337233550139795 6.5536932945251465
39142.21218077 2.610213411948954 6.482813119888306
33165.552115111845 2.2116575462254304 6.502865791320801
27632.37895882642 1.8426757749225895 6.500330686569214
41414.12609300832 2.761716861399654 6.544114589691162
40882.41879317886 2.726259756450234 6.512868642807007
33742.28786085709 2.2501173903380276 6.530934572219849
16701.517641341547 1.1137471011091478 6.5562989711761475
61015.50626321812 4.068842405983155 6.6126837730407715
