20849.37461008574 2.7777166630809385 3.284132957458496
37826.77443076752 5.039578577868664 3.1728692054748535
46424.75836809701 6.185069207600515 3.1633918285369873
71860.80328295461 9.57385794223703 3.169309377670288
30204.33666944201 4.024057835453256 3.1938765048980713
44586.24885286996 5.940128598532624 3.159451484680176
13059.526412885636 1.7398921937672878 3.2268683910369873
42516.91345990356 5.664435561688951 3.2025349140167236
38599.71351261763 5.142555564342058 3.1723499298095703
38858.668734091334 5.1770556031744634 3.1761815547943115
41982.12345885264 5.593186657347733 3.148655891418457
42872.477702654316 5.7118066095191695 3.1800293922424316
41796.83663254534 5.568501297978046 3.2442524433135986
40224.77632810327 5.3590591355783905 3.17657732963562
40143.68051978527 5.348254918076253 3.2273998260498047
36892.59733172797 4.9151202023634575 3.1857573986053467
50377.74626747356 6.711717155675847 3.194100856781006
52540.10365350812 6.999803309579895 3.159337043762207
21962.34950750356 2.925995878931028 3.1690921783447266
39488.01126873621 5.2609015351489905 3.1764566898345947
45989.87082257471 6.127130089312559 3.1675970554351807
40863.54431609821 5.4441608001260615 3.2000985145568848
40566.152606295305 5.404539951864164 3.1685128211975098
37220.44716667966 4.958798920145866 3.162933111190796
48358.180737628485 6.442654849043356 3.1617538928985596
38491.256896742154 5.128106126180352 3.2275969982147217
59843.771573250066 7.972855041906819 3.1693530082702637
44023.64973176189 5.8651747458362165 3.177069664001465
41297.456890723435 5.501970025169857 3.1899657249450684
42086.71642527776 5.607121349927892 3.203063488006592
