38849.32926960476 1.2951196737777162 13.857964515686035
17348.187198529486 0.5783363308352645 13.500588655471802
43884.15913568484 1.462965743099321 13.434720993041992
47207.368035783526 1.5737515226097638 13.279258251190186
31887.542689423542 1.0630346691161645 13.346433401107788
50201819.5584573 1673.577520950041 13.447081327438354
19904.547019432765 0.6635576708056572 13.336931705474854
46341.20481903106 1.544876248729646 13.35283613204956
29608.08128792839 0.9870442887879501 13.437158584594727
41492.53629832249 1.3832362381848706 13.246789932250977
29057.18042194983 0.9686789125190673 13.295450210571289
41131.02617014758 1.3711845789137402 13.721534967422485
26444.694705135655 0.8815865041578111 13.672029972076416
22130.365662859753 0.7377597630826764 13.394315481185913
38056.735511706676 1.2686969841594853 13.512953758239746
44633.534825447015 1.4879476724429785 13.29238772392273
44827.582978166174 1.4944166536318875 13.475926160812378
36316.54296866292 1.2106842039898016 13.38327145576477
38875.54879480647 1.29599375380855 13.405428886413574
47091.62672378495 1.569893055731277 13.289873361587524
42042.49908231804 1.401570341624733 13.479961156845093
34957.161929479335 1.1653665328457465 13.29531216621399
24756.346973270178 0.8253020739031107 13.363466024398804
37157.43336456828 1.2387169581120157 13.425434112548828
50726.38540566433 1.6910649669801898 13.382909297943115
62775.46025123913 2.0927448460594222 13.482632398605347
29032.529284979682 0.9678571178299114 13.374993085861206
38775.105674446095 1.2926452825808594 13.499651193618774
42129.50977033842 1.4044710159993687 13.449984788894653
42535.34508849867 1.4180003436543096 13.329329252243042
