6817.132538447622 0.23599668975633034 3.510952949523926
9607.46349330619 0.3325928561000753 3.53413724899292
12024.550534195267 0.41626799917315416 3.5473310947418213
10065.299440180417 0.3484423012009882 3.6146910190582275
9032.264876064379 0.31268052949414465 3.5131771564483643
8734.700520259794 0.3023793944401754 3.48806095123291
1382.1004967615008 0.0478457973798715 3.5523741245269775
12430.768058108166 0.43033050865551886 3.524488687515259
55060.53773059929 1.906095351284448 3.5577616691589355
11534.004072369542 0.3992861757291122 3.6437571048736572
6697.471759260166 0.2318542519171603 3.5542633533477783
9592.121541513596 0.3320617457223565 3.565932035446167
6837.573232125491 0.2367043092748147 3.5449059009552
8602.343643970788 0.29779744088499244 3.547722578048706
6332.297247645445 0.2192125766323662 3.6114869117736816
16857.01950082602 0.5835592573441081 3.5174028873443604
10050.342553704977 0.34792452108194877 3.5850017070770264
8515.9742644066 0.2948074905563902 3.5614635944366455
7059.854511420708 0.2443992815835706 3.5184109210968018
3434.549074950628 0.11889782220349629 3.556576728820801
6275.132585085463 0.2172336403187317 3.538821220397949
11433.087904269341 0.3957926421238577 3.55153226852417
177662228.1615594 6150.342171638277 3.557741641998291
8502.199575466104 0.29433063595894093 3.5433337688446045
9316.308475692756 0.3225136006396316 3.648073196411133
7782.592100155074 0.26941913817896884 3.5329928398132324
8238.897075454704 0.2852155838374214 3.490213632583618
14617.361747998744 0.5060263924814427 3.527254343032837
4034.6160946344025 0.13967104752640683 3.51096510887146
21621.20395217603 0.7484866301898194 3.6414570808410645
