1732.0282807401381 0.05995965877349668 4.95865797996521
2964.6570531036705 0.1026310177848685 4.929746150970459
6595.1309684976 0.22831140047473983 4.925632476806641
1715.3525233715773 0.05938237448043579 4.91936993598938
3220.7558789909817 0.11149669185223099 4.9685163497924805
1330.3201054846868 0.04605325471377301 4.898372650146484
1881.532621929422 0.06513522627579822 4.957710266113281
1988.665275127627 0.06884396325237851 5.0124351978302
2360.877025742084 0.0817292549110065 4.996234178543091
1937.1077505624853 0.06705913582518948 5.024683713912964
2283.922034048941 0.07906521351275268 4.929175138473511
1921.2984020262957 0.06651184502503225 4.859405517578125
1545.0566431321204 0.053487041833022705 4.976435661315918
1174.2162125371397 0.040649222771321325 4.966779708862305
1656.6910058208741 0.05735161977822469 4.914654016494751
1537.5223608519882 0.05322621872774011 4.923255205154419
1456.8778225327842 0.050434451957338776 4.975289583206177
2267.862408339046 0.07850925857350428 4.917938232421875
3606.3114549038 0.12484392239518309 4.973040819168091
1829.532050028909 0.0633350613582548 4.922576904296875
1628.9000544394366 0.05638954774952216 4.9512574672698975
1937.198853265494 0.06706228963453918 4.929595947265625
1782.8838088628836 0.06172018436473168 4.929069519042969
1242.6591005469672 0.04301859067147377 4.940216779708862
1888.505960715469 0.06537663054082829 4.90625524520874
1902.5041865142994 0.06586122357644175 4.942288875579834
776.1402211696841 0.02686855829041894 4.980654239654541
2995.053771804087 0.10368329672360041 5.0201499462127686
1813.116043257527 0.06276676915692028 4.936539888381958
2262.1304361899383 0.07831082815641385 4.9180028438568115
