8204.577545911307 0.5678690384289121 1.8512639999389648
813.5037730482873 0.05630559316115418 1.6690757274627686
7657.859361894196 0.5300286587491423 1.6399104595184326
4505.173344758339 0.31181964469559054 1.6128127574920654
6189.274280502927 0.4283824748531408 1.626518726348877
5414.644525238546 0.374767495678543 1.6435039043426514
6564.385691028554 0.45434531752321283 1.653730869293213
7821.000847456744 0.5413202819943193 1.6434366703033447
11049.937342259567 0.7648068725215145 1.6818647384643555
4980.996341632213 0.3447531072882849 1.636286973953247
8020.704627879197 0.5551425163658661 1.652634620666504
4221.3542628788855 0.292175480421102 1.6337330341339111
7978.382779908599 0.5522132653499409 1.646481990814209
8643.229667518986 0.5982297678032467 1.6867115497589111
10641.727693889989 0.7365531788730758 1.674445629119873
9111.373924004845 0.6306317564844464 1.6720762252807617
6557.555536256405 0.4538725773484656 1.6491036415100098
6841.694979829015 0.4735389150359818 1.6642518043518066
3971.9661077777855 0.2749144074358881 1.6329011917114258
5454.277357216924 0.37751062999104545 1.6448311805725098
8962.47516292939 0.6203259246726289 1.647066593170166
5090.234729283024 0.35231389854263834 1.6379494667053223
8486.77488923166 0.5874009562030799 1.6229262351989746
5285.505689801881 0.3658293211177097 1.6497881412506104
4347.724425097229 0.30092202490842884 1.6824934482574463
7747.311594410567 0.5362199773124857 1.7166645526885986
10553.998221831163 0.7304810989078193 1.6509132385253906
6104.7403576262295 0.4225315706194991 1.6195313930511475
8358.96224729577 0.5785545723802634 1.6558973789215088
4593.992686537094 0.3179671585593514 1.6544697284698486
