10245.175634906627 0.3546692868554313 3.5899150371551514
7302.823230236303 0.25281041530165943 3.5680992603302
10061.733121804427 0.3483188417660126 3.5203073024749756
4740.736880368553 0.16411566072140654 3.514758586883545
9919.72241857741 0.3434026903368698 3.5534942150115967
7366.947184741963 0.25503026960434066 3.575934886932373
8647.666381763294 0.29936643137027374 3.541478157043457
4105.990455552004 0.14214189766978153 3.534628391265869
5407.428043004125 0.18719529230909202 3.5351362228393555
9216.632229595445 0.3190629908717218 3.5022406578063965
7132.246093428228 0.24690534606502915 3.543660879135132
7874.945587395225 0.27261624739654794 3.5230443477630615
9642.799695863388 0.3338161309572129 3.516822576522827
9854.299409142695 0.3411378651228355 3.5810132026672363
13867.995331233833 0.48008469444730817 3.5358846187591553
10901.697747169994 0.3773968844739558 3.5973894596099854
4548.693763023242 0.15746747840598682 3.5702762603759766
6346.6125882854685 0.21970814760516547 3.517512559890747
9137.56621547928 0.3163258697290117 3.535886764526367
4659.892852470279 0.16131698798577188 3.542553663253784
10032.295386096463 0.3472997610686929 3.7212653160095215
6144.878809759393 0.21272449228151064 3.5404748916625977
13526.209628241137 0.46825269704115463 3.606755495071411
4955.026987922378 0.17153399324538393 3.553490400314331
8774.928398725111 0.30377201019176775 3.520888328552246
8481.32468524715 0.29360798534845095 3.5390613079071045
6516.6601352039725 0.22559488340612288 3.5501763820648193
3816.608289781958 0.13212401510536242 3.5723514556884766
7342.469089257065 0.2541828826020497 3.5138983726501465
8437.257376667112 0.2920824555318152 3.5261106491088867
