17023.28058004286 0.5893149125421255 3.588064670562744
9545.011702977587 0.33043088907012763 3.542609691619873
13938.123045562766 0.48251238796044826 3.488044023513794
13435.30797053175 0.4651058475128832 3.5010979175567627
13450.7878108453 0.46564173133960224 3.5442092418670654
12832.648477330338 0.4442428754870894 3.5606117248535156
9132.641101988032 0.3161553712864402 3.550982713699341
16174.095292939804 0.5599176673490995 3.5061938762664795
16635.017068550456 0.5758739382103808 3.7392094135284424
11899.988435491454 0.41195588659540816 3.6245341300964355
15024.452430573292 0.5201191291234849 3.565707206726074
15148.815922064241 0.5244243662819056 3.766953468322754
13015.950316141825 0.45058845068924186 3.5002012252807617
16066.05543018831 0.5561775244331034 3.5177416801452637
12533.054978680331 0.4338714952102407 3.6572399139404297
12771.321284420323 0.44211983996780246 3.608546495437622
25517359.846392095 883.3644382159765 3.5398426055908203
14119.853977610357 0.4888035812367536 3.699599504470825
7260.037563491147 0.25132925358682884 3.5852620601654053
14600.102875971701 0.505428921822872 3.5731008052825928
115388172847.37206 3994528.00358963 3.622910499572754
15138.196990441065 0.5240567582447014 3.602544069290161
13238.4544109446 0.45829113646431413 3.6999382972717285
15212.584362782538 0.5266319133459483 3.5796027183532715
5504.610514961649 0.1905595721664902 3.5724453926086426
10868.644160188735 0.37625262960313494 3.5233254432678223
12986.059263702482 0.4495536769938159 3.615750789642334
14813.255914472044 0.5128078910909448 3.558938503265381
12134.349044953007 0.4200690232742496 3.5551817417144775
11446.416438158602 0.39625405164749977 3.49761962890625
