1926.924685580656 0.06670661669581479 4.400308847427368
2963.196858854033 0.10258046852425601 3.5286734104156494
2807.8997972854413 0.09720436761197739 3.5033116340637207
2155.9352477001958 0.07463454449751704 3.731293201446533
2083.9025201890618 0.07214090290394777 3.546403646469116
2283.8344295364805 0.07906218080437687 3.5114684104919434
2655.9432487939484 0.09194390916723724 3.7612850666046143
2304.3641507243738 0.07977288229281623 3.6386756896972656
2068.218954359181 0.07159796647157644 3.5091543197631836
1659.8600078020245 0.05746132484456524 3.7536113262176514
2615.066657976713 0.09052883617767962 3.53225040435791
3549.5558666465804 0.12287914748750216 3.551781415939331
2987.266544329934 0.10341371711723146 3.6334586143493652
3732.5182619206607 0.1292129717737474 3.5213942527770996
4714.412520650309 0.16320435942010086 3.5618252754211426
2988.7431481280364 0.10346483444647048 3.5288591384887695
3219.4298589201644 0.11145078745687144 3.534472703933716
2879.762404152192 0.09969211993924483 3.598088026046753
7114.20936881518 0.2462809475692218 3.5501418113708496
3947.172302872874 0.13664390300793428 3.5982229709625244
2877.081015831325 0.0995992951681102 3.5372798442840576
2916.285146445036 0.10095647063703798 3.5328946113586426
3002.332894640509 0.10393528667451261 3.6624059677124023
3279.625071805436 0.11353463589314325 3.594250202178955
2525.206146611832 0.08741802923615107 3.5388472080230713
3974.2645141617395 0.13758178592957207 3.5636544227600098
2868.2001107097603 0.09929185443714171 3.535344362258911
2909.18169307895 0.10071056204265755 3.5180468559265137
998.6204401738942 0.034570417528909436 3.715376853942871
2245.9982188837603 0.07775236022855474 3.563856840133667
