11892.843520976603 0.41170854269170865 3.553438186645508
12579.62369539775 0.4354836192124555 3.658646583557129
9829.315004441887 0.3402729506193153 3.541022300720215
15485.947646306828 0.5360952514355058 3.5890719890594482
12047.256428039167 0.4170540357882409 3.5607187747955322
8671.7301968541 0.30019947674122843 3.5915448665618896
5533.219549186993 0.19154996473055266 3.549957036972046
13647.781116440892 0.4724612801399991 3.633735418319702
1876.066950133536 0.0649460146910375 3.50903582572937
25881.449673488736 0.8959685637018994 3.644618511199951
8452.533160143998 0.2926112752831766 3.5698533058166504
14826.269497720525 0.5132583975980707 3.6449086666107178
21489.00310563948 0.7439100780999703 3.5251851081848145
6744.249683163129 0.23347361829041355 3.5814809799194336
9320.62995093409 0.32266320222740574 3.5573413372039795
12636.407333116513 0.43744936514131527 3.539618968963623
10254.05820629187 0.35497678526940796 3.5292370319366455
11781.673140906263 0.4078600269781608 3.5473058223724365
28448497.399136543 984.8350720589972 3.604154109954834
11005.167371432763 0.38097881407245315 3.5825114250183105
16518.180196838453 0.5718292588954328 3.594153642654419
1147.043060571421 0.03970853783113742 3.5541093349456787
12962.221044602804 0.44872844134444545 3.601677417755127
12585.12544928817 0.4356740798934927 3.5293328762054443
9958.339335770346 0.3447395375486159 3.5168607234954834
4530.564246194437 0.15683986761298116 3.5924527645111084
12196.086101320572 0.42220624751858904 3.557265520095825
12017.296402743086 0.4160168743783644 3.5142621994018555
22259.488119777758 0.770582863441606 3.5655949115753174
18192.982310016174 0.6298078521643343 3.515808343887329
