413.4233205146156 0.014311961012824498 4.94096827507019
595.1002412480302 0.020601284515983566 4.956966161727905
986.1798022761941 0.03413974534441602 4.972793340682983
1087.581399610266 0.03765008362401982 4.925127029418945
1157.0444829361513 0.04005476882453817 4.969871759414673
1191.5421478967182 0.04124901504009886 4.909809112548828
832.2218449185602 0.02881000177655492 4.985114336013794
687.1062747687101 0.02378636551976802 4.988513231277466
1154.145907562226 0.03995442543391203 4.900603294372559
1528.243262779899 0.05290499328337811 4.9859068393707275
867.832960864529 0.03004279363359739 4.9523606300354
949.6090712924488 0.03287373336570532 4.962852478027344
435.0718491161242 0.015061393572516915 4.940575838088989
1299.6226060665213 0.04499056329540524 4.879621267318726
1256.908737460617 0.04351188710115074 4.9302873611450195
926.9185726651922 0.03208822970492825 4.908122777938843
840.3113114661537 0.02909004434817277 5.010900020599365
1068.274485776201 0.03698171349500255 5.084111928939819
883.8321879021823 0.030596657681017825 5.072978496551514
982.2931105811149 0.03400519516969535 5.0621421337127686
778.0894622118212 0.02693603745865971 4.916866779327393
904.1647085449658 0.031300532446402955 5.023339033126831
1021.6505691106431 0.03536767857130247 4.87192964553833
768.987488062121 0.02662094372130572 4.8902506828308105
556.4610885493457 0.019263667551599972 4.9445390701293945
873.1577793913893 0.030227129135189146 4.936310052871704
937.1826867857017 0.032443554607599574 5.0128490924835205
1054.194136892911 0.03649427750804911 5.24589729309082
1063.3620483609848 0.036811653875054175 5.288455963134766
900.4816717961803 0.031173032434328642 4.924452304840088
