5285.220133699651 1.4594169571663504 0.43581271171569824
1421.116134697746 0.3924152509478901 0.3735361099243164
9745.494378161442 2.691040182181066 0.35657405853271484
7285.5180525833275 2.011762673778898 0.36347270011901855
7973.287340918207 2.2016775943730447 0.36838769912719727
5790.080805179081 1.5988250057101503 0.3688936233520508
2674.7422145735472 0.7385811839903098 0.36450862884521484
453.2273339944077 0.12515044595119307 0.3735992908477783
585872.0286554184 161.77785441656636 0.3638012409210205
7226.811646997987 1.9955519726844937 0.37725329399108887
6635.7316853115335 1.832336042731808 0.3634161949157715
12147.812068075233 3.3543963120054436 0.35941171646118164
7512.249344000884 2.074370376588692 0.36853623390197754
7863.203476246679 2.171279946829919 0.37323999404907227
6978.890362217906 1.927093040436152 0.3677985668182373
3455.947900318424 0.95429685826115 0.3787508010864258
5481.946672831546 1.5137393959429473 0.3648200035095215
8156.223120147653 2.2521919668166026 0.374039888381958
9040.13526874996 2.496268153935142 0.36968255043029785
3252.129663263506 0.8980161766976593 0.36374425888061523
6724.308211169206 1.8567948316892098 0.3714027404785156
12614.941962427634 3.4833856959424194 0.36417245864868164
7933.768427795032 2.1907651686874994 0.360335111618042
8949.164215737372 2.4711481600617904 0.3640022277832031
6964.914636412868 1.923233899149202 0.36437320709228516
1806.1054282953264 0.4987230090337395 0.37508416175842285
10639.003614726942 2.9377664297622896 0.3635385036468506
5078.4686868672725 1.402326323324646 0.36528968811035156
7509.377518334833 2.0735773744111032 0.36009860038757324
9353.515568173374 2.5828023968712546 0.3645188808441162
