70021.72000011057 2.424024182876416 5.181213140487671
56878.04555357713 1.9690141558419256 5.118067979812622
58321.177841141354 2.018972762459128 5.339040756225586
72570.1037677722 2.5122445790627963 5.6003735065460205
61355.66889297217 2.1240213058589243 5.0741188526153564
61147.23831497179 2.116805819556631 4.9891197681427
1425.1140557085164 0.04933484830691216 5.112652063369751
56469.82131407177 1.9548821775272573 5.038696765899658
23157.45218021795 0.8016687407644922 4.968691825866699
19676.545110511128 0.6811660893685897 4.998642683029175
69248.66321765911 2.3972623676082963 5.020056247711182
47858.77112185396 1.6567833318281568 4.987580299377441
62146.416812972166 2.1513955560292457 5.037896633148193
65274.96962650819 2.259700345991637 4.999772548675537
17268.6991547239 0.5978108558002027 5.024191617965698
55752.10933648236 1.9300362984198312 4.955408334732056
77821.05866969004 2.6940230567326133 5.016291379928589
59413.866263641976 2.0567996418971997 5.01316237449646
75226.79517588811 2.604214388140648 4.9051477909088135
65015.53987789387 2.2507193614571577 4.925548076629639
66360.80263835331 2.2972899036213836 4.929616451263428
72738.53029169375 2.518075198005361 5.007906436920166
57642.67411917355 1.9954842016208767 5.038942098617554
72830.63741960749 2.521263778712574 5.132004261016846
57927.04130931897 2.0053284748796316 5.054471254348755
99001.84733805666 3.42726331339061 5.066476106643677
67616.12727003731 2.34074695187095 4.967288494110107
45541.373013635166 1.5765592377089959 5.031296730041504
55862.181068313774 1.9338467809359705 4.9741528034210205
49178.03469707491 1.7024538296382439 5.012539863586426
