3831.3131420076825 0.13263307025854523 3.5242929458618164
1987.4957360569388 0.06880347594372396 3.5854310989379883
1614.7412095190957 0.055899394372991996 3.5447139739990234
3296.5306144114584 0.11411987493185269 3.5049028396606445
4403.586210361216 0.15244411969999946 3.5859670639038086
3182.066072206013 0.11015732133580507 3.516390085220337
3210.247010832187 0.11113289401133908 3.6064350605010986
1375.9860887918621 0.04763412773247704 3.608337879180908
3256.967804387212 0.1127502826361883 3.5009310245513916
5069.197159611154 0.1754863562712609 3.525336980819702
3785.083469803445 0.13103268335874693 3.538389205932617
4567.480632637162 0.1581178455529894 3.606753349304199
3429.995546708349 0.11874018736423961 3.502673625946045
1098.3283091550693 0.03802212202335859 3.5280659198760986
4109.008916031569 0.14224639126401928 3.629646062850952
4893.445279027801 0.1694021468471082 3.5214014053344727
5479.64631753182 0.1896953572018205 3.5677545070648193
4160.307879535016 0.14402226777902996 3.524376153945923
1939.8762104646303 0.0671549748555948 3.520063877105713
7431.723805320915 0.2572727180156071 3.5972354412078857
67660.12287803646 2.3422699995443024 3.6615149974823
4979.402541930322 0.1723778304488427 3.5195329189300537
4532.714342389256 0.15691430002012202 3.535952568054199
9799.218175427057 0.33923105331431147 3.5367486476898193
3505.967568844091 0.12137020014996909 3.5017642974853516
3681.526116997469 0.12744771675815567 3.5351736545562744
3594.9287863429636 0.12444987517873238 3.576005220413208
5085.016172493342 0.17603398163344278 3.5235962867736816
3484.437968466431 0.12062488466838665 3.519199848175049
3935.8592397603206 0.13625226540509913 3.6411426067352295
