7651.409750028979 1.057742040060851 0.9118947982788086
8747.12263045262 1.2092149862660735 0.755918025970459
7735.933001099504 1.0694266575288376 0.7551214694976807
6426.447782558273 0.8884015116092788 0.7447419166564941
6739.14515902102 0.9316292528631216 0.7599136829376221
6735.088351343293 0.9310684338546824 0.7785773277282715
9404.741317573818 1.3001251524214121 0.7284862995147705
5698.493333141436 0.7877680271204078 0.7514057159423828
7614.402832539519 1.0526261498287905 0.7588534355163574
6442.123877120786 0.890568597778292 0.7651786804199219
7401.848993478925 1.0232423972007383 0.7640695571899414
7528.238762025256 1.0407147030884878 0.7536044120788574
8407.813025192241 1.1623083317010114 0.7520294189453125
7470.25324510166 1.0326987006825894 0.7334847450256348
8454.958292929223 1.1688257622536153 0.7487866878509521
6364.886213523918 0.8798911505454895 0.7545371055603027
9640.85572745686 1.3327659527126927 0.7336828708648682
7575.653740562731 1.0472694188554066 0.7425663471221924
8646.44494451501 1.1952971561679204 0.7683572769165039
7900.736902237171 1.0922093891161353 0.750213623046875
4666.917079204577 0.6451614216757874 0.7637274265289307
6877.4228369297925 0.9507449606744237 0.770744800567627
10735.822500272305 1.4841357559142883 0.7452762126922607
8335.875508067547 1.1523635844444557 0.741187334060669
5578.0537572529865 0.7711182845414235 0.7573471069335938
2925.8244093295652 0.404470232374154 0.7462325096130371
8247.956630274537 1.140209550587324 0.7677416801452637
5120.690422005369 0.7078917102134682 0.7498049736022949
9754.515642465907 1.348478465086554 0.7574753761291504
8029.560016733129 1.1100180842959264 0.7501020431518555
