20867.260023618583 0.7223864670496792 4.982216119766235
16199.522123178467 0.5607978978174787 4.942013740539551
40939.523054984864 1.4172515888006347 5.079104900360107
28976.437894096598 1.0031114086999835 4.97259521484375
35635.4734070939 1.2336350679033399 5.057945966720581
17849.12360844016 0.6179040913296758 5.0494704246521
22937.617068346124 0.7940584503085907 4.9698405265808105
40008.21428922843 1.3850113786213532 5.046979904174805
36294.424600663595 1.256446755884522 5.034879207611084
31053.842607985716 1.0750273694059007 5.0547871589660645
31773.916600407567 1.0999550171570296 4.96190071105957
28484.98307320103 0.9860981395223601 5.027321100234985
492201.0868200902 17.0391035422733 4.9390175342559814
35627.04802116053 1.233343396415514 5.019225358963013
26745.729748464655 0.9258883629087248 5.08611798286438
29061.362567286473 1.0060513459299574 5.040100812911987
32015.810095753986 1.1083289286004974 4.955923557281494
30212.641283062752 1.0459065144157957 5.067550182342529
744.8780618542805 0.025786319376702543 5.055667161941528
28300.077723042108 0.97969705368317 4.930948257446289
29922.5399193801 1.0358637345319104 4.980442047119141
22412.713969958946 0.7758872627948411 5.022502899169922
35327.406838182826 1.2229703653942465 5.007035255432129
30068.35113986209 1.0409114529338934 4.962458848953247
30371.57009401964 1.0514083398653091 4.951676845550537
31945.22196478257 1.1058852963032832 4.902512550354004
33768.67509532999 1.16900991656085 5.007103204727173
28604.494963994715 0.9902354231170036 4.988182783126831
23472.485905298963 0.812574633507727 4.974264860153198
38082.387236624025 1.3183427599764053 5.025157928466797
