3879.124672193546 0.1342882181953665 4.8984055519104
4092.770387585275 0.14168424303846752 4.911519765853882
3472.0868597957306 0.1201973118223745 4.9020445346832275
1827.616385129746 0.06326874453481986 4.955790996551514
3511.1590467123315 0.1215499196412564 4.909826278686523
2624.4937139120884 0.09085518365330064 4.940133333206177
4936.894652078394 0.17090628486321643 4.932232618331909
6582.135829208419 0.22786153246383156 4.951987981796265
5791.508063017856 0.20049144179915698 4.993882417678833
3423.2741721933708 0.11850750564253308 4.973539590835571
3729.3493345603347 0.12910326929064364 4.934354066848755
3302.7394306594506 0.11433481282158384 4.905274391174316
1756.5614065555856 0.060808950825421426 4.952313423156738
2865.3470646599308 0.09919308718864173 4.911390781402588
4382.69229532266 0.1517208104849681 5.0591185092926025
1221.8571470151655 0.042298464996010796 5.011240482330322
2270.5949932341464 0.07860385567662423 4.969652414321899
3562.521034603473 0.12332797794557306 4.94893741607666
3312.5248821196146 0.11467356729633485 5.012872695922852
3495.1973361223936 0.12099735434480234 4.964628458023071
2725.632457861211 0.09435642242832692 4.979304552078247
4899.298660903238 0.16960478024739664 4.976439714431763
3437.959354749415 0.11901587986764138 4.95890736579895
2684.882357725408 0.09294572831536216 4.948667049407959
3457.4654295858927 0.1196911445871676 4.9041829109191895
3410.696072670631 0.11807207478739701 4.951632022857666
3453.0496367262676 0.1195382778955427 4.966695785522461
3706.6719967196696 0.1283182212322848 4.940172433853149
4483.030846179929 0.15519434803520837 4.956938028335571
4282.193218988832 0.14824171583562848 4.980262994766235
