9865.560023289174 0.34152768703816494 3.57788348197937
14681.97146216873 0.5082630628973728 3.5153868198394775
5867.613219231833 0.2031260634437549 3.5394673347473145
7539.82747919159 0.2610150699561177 3.657219171524048
7868.899111186154 0.2724069294227542 3.6040987968444824
7921.15598825831 0.27421596715767854 3.542940378189087
8040.839683619328 0.2783591983129638 3.5661556720733643
8201.166100664064 0.28390940633512834 3.5308022499084473
8440.59755160613 0.2921980862936303 3.5887060165405273
9168.736850291956 0.3174049402314417 3.5918498039245605
4832.909483132418 0.1673065080484633 3.587233304977417
7646.926420295145 0.26472263988149314 3.768115758895874
7052.746746620629 0.24415322373521212 3.5763752460479736
2389.5487732407637 0.0827218184941635 3.524620771408081
6510.942065592855 0.22539693426953072 3.590474843978882
8968.070052471478 0.3104582218329727 3.548616647720337
5833.068160669878 0.20193017654818982 3.6009390354156494
7508.462284991983 0.2599292641627104 3.513134479522705
10462.460897174198 0.36219130617055817 3.6296753883361816
8255.709807732608 0.2857976099519156 3.5387566089630127
8254.611560844816 0.28575959064855133 3.595048666000366
7067.401291475631 0.24466053733901272 3.4966166019439697
4458.323785058688 0.15433903466036414 3.508486747741699
9592.234999214299 0.3320656734209369 3.6008853912353516
7282.058851043694 0.25209159038126017 3.4981303215026855
6403.033340479247 0.22166133109928102 3.639005661010742
7485.8772450955585 0.25914741129077185 3.522749185562134
6353.017806756776 0.21992988458150697 3.5726284980773926
7978.82605529204 0.2762123996520195 3.549565076828003
5504.444752317853 0.19055383376621698 3.5869388580322266
2353.330191961024 0.08146799729566359 4.021110773086548
7494.773015444167 0.2594553666287771 3.7278048992156982
6478.900559364818 0.22428771578771645 3.63935923576355
10138.057365805842 0.3509610478300581 3.6714935302734375
7792.555734449066 0.26976406101830974 3.6451661586761475
7451.314761216752 0.2579509211625321 3.5667564868927
6424.608891589567 0.2224082373113852 3.5836291313171387
6206.3704323549755 0.2148532200564891 3.498194694519043
5153.639122618828 0.17840958295549306 3.54970121383667
8139.324299523607 0.28176855601787154 3.570319890975952
9651.027790881228 0.3341009725935254 3.535863161087036
6843.18476227764 0.23689857020973212 3.552292823791504
7027.093345426954 0.24326514979377797 3.562236785888672
4890.213837301824 0.16929028023073098 3.55224609375
7054.670091653243 0.24421980643085378 3.5421268939971924
7746.213843475562 0.26815978930947687 3.5471596717834473
7247.76564993104 0.2509044223310439 3.5984649658203125
6045.35541890515 0.20927917408321206 3.587195634841919
6168.208561969921 0.21353212573494113 3.5470101833343506
5514.3991232495755 0.19089843592485833 3.550708055496216
10971.760592076462 0.3798223323260527 3.7719547748565674
8635.345877613407 0.29893991799693026 3.5931918621063232
5302.1381910843775 0.1835503497503468 3.543694496154785
6467.645284623839 0.223898078712863 3.5062389373779297
218949.25764970668 7.579623799085342 3.5517737865448
472616.76701213233 16.36113012460232 3.5522162914276123
12587.33216708852 0.4357504724373037 3.5846643447875977
4348.881530179642 0.15055034348775495 3.637349843978882
5699.245988220442 0.19729749711355185 3.529594898223877
5235.834315467626 0.18125503055634268 3.505034923553467
