548.3503329311498 0.018982887991202475 4.9170262813568115
392.6474351575598 0.01359273777000653 4.955989837646484
416.7281347117387 0.014426367650275378 4.905057668685913
457.8970363284461 0.015851559906352508 4.974335193634033
362.4238930349238 0.012546453888414674 4.938956260681152
473.8654550462961 0.01640435742595505 4.982886552810669
448.9966808082536 0.015543445838073263 5.033926248550415
384.7995520969853 0.013321058377909496 4.88965630531311
275.42374440142885 0.009534667485551372 4.96693754196167
74815.42433778895 2.5899734803240313 4.9422290325164795
424.7717761830427 0.014704823841365766 4.926722764968872
343.6263800528832 0.011895718287427895 4.93540096282959
558.6730869472958 0.019340242900064798 4.927620887756348
464.62955568218604 0.01608462744204177 5.007798671722412
305.8499377835542 0.01058796678398377 4.963285207748413
485.06922757672146 0.016792211588251473 5.001859188079834
424.0210913340561 0.014678836501613763 4.909132480621338
733.8939394652843 0.025406069101522797 4.93069052696228
542.1145061431453 0.018767015045860265 4.9813292026519775
666.3404287067242 0.0230674898190274 4.922717094421387
481.6121828672476 0.01667253500822693 4.91966986656189
627.3298962176777 0.021717016363931106 4.8703773021698
186839.76878451277 6.468051882415655 4.983321189880371
591.0017644572072 0.020459402727677063 4.9032063484191895
295.58336115116253 0.010232556633644245 4.964456796646118
480.0504473061301 0.016618470572686055 4.895000219345093
518.2851405949332 0.01794208589028715 4.931293487548828
231.96088462835178 0.008030062583718925 4.917543649673462
535.3181248488836 0.01853173672631437 4.966269493103027
593.5406572762877 0.02054729456454101 4.994555950164795
