4712.424320187885 0.16313553154781618 3.5625956058502197
5065.314749742392 0.17535195432555462 3.599900960922241
4309.03965674201 0.14917109052590583 3.5135715007781982
4112.539764514193 0.14236862279600593 3.527524709701538
110400.25167781534 3.82185527379568 3.6032626628875732
2841.520552427508 0.09836825680965501 3.5443665981292725
5342.307166898623 0.18494092639963441 3.5126953125
4760.200805763714 0.1647894663041814 3.619896650314331
5265.463420503773 0.18228073611062628 3.574530601501465
5444.832463762723 0.18849016510663516 3.520050048828125
5833.759493127465 0.20195410921644755 3.581552743911743
5719.686566903256 0.19800511265111717 3.5541512966156006
4283.4903888753615 0.1482866214902488 3.538597822189331
5106.202750027645 0.17676742229007697 3.623055934906006
5802.633293451741 0.20087657697738123 3.5817785263061523
4291.795004637912 0.1485741121351214 3.521789073944092
5393.175293717068 0.18670188813472657 3.524540901184082
8249.491027522832 0.285582327128008 3.503661632537842
4587.2538199285045 0.15880235721832245 3.6010866165161133
3993.248698216863 0.13823898374250387 3.6343564987182617
6498.3186114393175 0.22495993331983172 3.501025438308716
7771.397701940965 0.2690316085383987 3.5874733924865723
3625.9277584855445 0.1255230030327441 3.5948500633239746
3033.4610696062446 0.10501288729451498 3.538126230239868
5257.815579988994 0.18201598182646164 3.5436604022979736
4432.477647968102 0.15344428855385003 3.504326105117798
5995.16537552001 0.20754168635933146 3.5709800720214844
2502.7563814162277 0.08664085932752906 3.52872633934021
7136.437649974134 0.24705045010462076 3.531771421432495
7370.735785218421 0.25516142404005254 3.5874669551849365
