13768.66974821873 0.47664622399547507 4.979470491409302
17344.631610878278 0.6004394988838504 4.923458576202393
15159.508611578494 0.524794527682718 5.094543695449829
10991.481314872857 0.38050502776629885 4.998214483261108
17247.668073138222 0.5970827981295876 4.966139316558838
7217.90010180464 0.24987053154839622 4.960279941558838
9501.535725482274 0.32892583005668635 4.91761040687561
14861.63624993898 0.5144827300287393 5.030105829238892
21465.603409015108 0.7431000232985551 4.970693111419678
28381.753456068225 0.9825245185327788 4.935441017150879
22185.23155029025 0.768012236496497 4.939314365386963
15585.246110769454 0.5395327830925335 4.996801137924194
8014.349911734927 0.27744217074428135 4.948287725448608
14265.308596753981 0.4938389547510669 4.936497449874878
18669.651105911005 0.646309256135414 4.918193578720093
14401.532899668906 0.49855479155942783 5.054824590682983
14055.921429646667 0.4865903530793098 4.948474645614624
20168.295534356497 0.69818959178097 4.887189626693726
15671.170364307705 0.5425073239703068 4.932204246520996
16072.28536568908 0.556393193432831 4.974621057510376
10328.5964075448 0.35755716179236297 5.035656690597534
13002.61485884199 0.45012680148975814 5.05780816078186
14809.75237174239 0.5126866048343033 4.967888832092285
14764.67849141825 0.5111262293405047 4.934333324432373
14977.915915005375 0.5185081198663106 4.9455482959747314
14902.333069732413 0.515891579673468 5.024488210678101
16841.23348350078 0.5830127742279032 4.900349378585815
13713.715845730156 0.47474382016169997 4.96694278717041
8097.115329154301 0.28030735847931704 4.921698570251465
12115.277590300888 0.41940880431248606 5.004744529724121
