2205.10129989915 3.674127830280004 0.26438236236572266
2120.540256909575 3.5332326789235964 0.2267749309539795
3572.727336999611 5.952858918305832 0.2559163570404053
57070.9778915911 95.09135393570338 0.23091554641723633
1639.5917945472174 2.7318789585404426 0.2284092903137207
2142.2024869482993 3.569326169165902 0.24923276901245117
2618.2036707678344 4.362436760864146 0.22783327102661133
2207.6923903160787 3.6784450910843236 0.26520848274230957
2130.6549516574305 3.5500857284726504 0.22878050804138184
1368.1459476558084 2.279597360174298 0.266157865524292
3020.3920452633756 5.032560849864831 0.26188182830810547
1751.0528615941294 2.9175947841347107 0.2238614559173584
2244.791719746878 3.7402597926368824 0.23422956466674805
1737.8932275949046 2.895668273314069 0.26870012283325195
2098.3793153999577 3.496308238332402 0.2607746124267578
3589841.85038203 5981.375027712198 0.2640531063079834
1841.827068012717 3.0688422747100272 0.2256786823272705
2147.8780553508404 3.5787827704664354 0.2366197109222412
1907.6029634927108 3.1784377151352294 0.2308657169342041
2069.1619276349666 3.447626385249124 0.25605034828186035
2055.4854710192594 3.424838747387006 0.2296755313873291
1837.7273984822677 3.0620114275659693 0.22767424583435059
1654.8391520561127 2.757284022953684 0.22590160369873047
1245.9515733922162 2.0759977562894116 0.2256615161895752
1793.8264488620625 2.9888639033308273 0.2339937686920166
1721.1587002317974 2.8677852945528723 0.22737789154052734
2060.1870137197257 3.432672432343712 0.23041176795959473
2115.4350007789035 3.5247263288383355 0.2308804988861084
2499.1033125542745 4.163992389746696 0.2275536060333252
2347.0515539976914 3.9106445740335096 0.26262497901916504
