2520.136156116205 2.0956253325097123 0.5121235847473145
2394.8882874929113 1.991475163602045 0.502798318862915
2385.996565821668 1.9840812308819178 0.5301167964935303
2245.2789214167424 1.867067132405384 0.5320625305175781
2557.0631376524398 2.1263320535623205 0.48761510848999023
2775.706275080549 2.3081452847489534 0.48229503631591797
2302.544395075791 1.9146863759080892 0.4824807643890381
2526.978037767214 2.1013147157896954 0.5170717239379883
3187.308791040283 2.6504143551230137 0.48192811012268066
2984.167130713191 2.4814914148142653 0.5088558197021484
39655.966944821936 32.976015487515845 0.48976755142211914
2946.1635138283455 2.4498894150264396 0.496875524520874
2682.348620161836 2.230513500388199 0.5154721736907959
2708.544940923588 2.252297114449544 0.4971170425415039
2900.9989842414507 2.4123327409144175 0.5339932441711426
2593.91705257431 2.156978015894551 0.5466344356536865
2684.872958857115 2.232612620352341 0.48238396644592285
2703.1428350061324 2.247804980172574 0.5070304870605469
2429.835939750352 2.0205359685925575 0.48822951316833496
3110.7921925519768 2.586786792080275 0.48929738998413086
3015.5326438165503 2.5075734833037164 0.485706090927124
2819.650607116462 2.3446873006282063 0.4880521297454834
2222.8977370471257 1.8484560042634737 0.4891812801361084
581889.1140739471 483.87130401884883 0.5593202114105225
2920.2121258220723 2.4283094753919294 0.4837002754211426
2196.704560922357 1.8266750051326381 0.48929572105407715
2512.9687680107454 2.0896652735481056 0.49083995819091797
2840.774334288377 2.3622527871877534 0.4901144504547119
2301.9497815142095 1.9141919235588858 0.5199589729309082
2593.7449675023236 2.156834918135596 0.48385024070739746
