1563.2259432030405 5.253481459883857 0.13014912605285645
1406.968516805653 4.728352321567593 0.13324761390686035
1449.4284244509035 4.871045921665894 0.13276410102844238
1952.5744657324467 6.561952096156897 0.11698627471923828
2036.7925486557397 6.844981007715216 0.1309983730316162
2190.456031681584 7.36139276677505 0.13138270378112793
1875.3294149480207 6.302357221898173 0.1314101219177246
1801.3436081450927 6.05371558053869 0.13487553596496582
1659.5363096953624 5.577148506840175 0.13177132606506348
1635.5277204066624 5.496463638952354 0.12755346298217773
1585.936228912371 5.329803162092926 0.13102197647094727
1308.0504631049516 4.395921706899286 0.1220850944519043
1822.6260842836673 6.125238890589015 0.12950348854064941
1325.3559044529793 4.454079528340433 0.1309370994567871
1299.8196633219632 4.368260731690963 0.13010811805725098
1632.7257521356842 5.487047157331913 0.11938023567199707
1341.5782297369042 4.508597357631753 0.1304776668548584
1731.6469590949673 5.81948836905151 0.13169121742248535
2227.7530267333714 7.486735538154898 0.13388395309448242
2157.765295331894 7.251530095886187 0.13418889045715332
1674.4654069331227 5.627320227628454 0.12900638580322266
1932.9261240313208 6.495920567385808 0.12369346618652344
1808.222861407019 6.076834458284107 0.13144993782043457
1764.725897596567 5.930655658007013 0.13365530967712402
1596.062292725328 5.363833488121146 0.13209199905395508
1959.5417166303305 6.585366704632109 0.1222696304321289
1139.9177755331693 3.8308837731320384 0.1310725212097168
531.2163638200873 1.7852411742844712 0.11205744743347168
1694.1017820279158 5.693311540623457 0.13268089294433594
1605.7021756968024 5.396229922357852 0.12920379638671875
