4135.006807115802 1.72351555209335 1.088329553604126
3885.494002550753 1.619515916984104 1.0708699226379395
3001.862854315812 1.2512088990425072 1.0685293674468994
4330.994797110878 1.8052054656864154 1.0762176513671875
3591.317164063483 1.4968998295508376 1.0191872119903564
5827.1108278438915 2.42880280590533 1.0165555477142334
4070.191994567722 1.696500037332795 1.0193777084350586
3261.8515703768353 1.3595750073470556 1.0808560848236084
4347.297401988326 1.8120005676914623 1.0443601608276367
4064.5996891399845 1.6941691039567786 1.0160996913909912
3732.1403421361174 1.5555964529967103 1.0401813983917236
4370.672191821213 1.821743432862704 1.0271785259246826
4108.636130277067 1.712523968821329 1.0436089038848877
3869.2638835492544 1.6127510278759964 1.0153958797454834
4626.83170697742 1.928513488822143 1.0193755626678467
3539.793317805801 1.4754241332651712 1.0896341800689697
4542.142583705368 1.8932141464362129 1.0342254638671875
944464.5797216371 393.6630500221481 1.0416061878204346
4117.734986901429 1.7163164706550302 1.0243563652038574
37021.233627202164 15.430850513803593 1.0369415283203125
3705.2104114841495 1.5443717666877084 1.014451503753662
4026.955960321531 1.6784787907157606 1.039485216140747
2096.2590532425384 0.8737434417913439 1.0303893089294434
4286.161934128526 1.7865186435844587 1.0423557758331299
3843.0472699934908 1.601823659846318 1.014618158340454
4084.588557546289 1.7025006804629472 1.0480577945709229
3933.5091964676103 1.6395291690324614 1.0181975364685059
3551.5963005734084 1.480343744117094 1.0488085746765137
3441.263280193525 1.4343557481101903 1.0819165706634521
4208.09433003515 1.753979221995586 1.0131795406341553
