927634.6011797637 1.7904120773638874 7.041169881820679
1038314.1780858412 2.0040328833990917 7.14033842086792
1143010.9840810671 2.2061064430494945 7.000128984451294
1113679.127933614 2.1494935165468494 7.032538175582886
704343.187368311 1.359441042485242 7.075354099273682
930329.0017617121 1.7956124950035937 7.084299087524414
1174179.2525124997 2.2662637982831013 7.01667332649231
2224906.2987045795 4.294254551455346 7.086491823196411
1192417.044086188 2.3014642557223226 6.987972736358643
1690975.7904003635 3.263724179555542 7.044898509979248
884158.7818756998 1.7065001233937684 7.151102304458618
1222310.2189178318 2.3591605740585044 7.012222051620483
1364048.5087052658 2.632727283986725 7.0728254318237305
1935997.8422021866 3.7366371565063137 7.030423164367676
1003049.0150197595 1.935968180138326 7.229938983917236
380782.0179689899 0.7349410241355978 6.960042238235474
854653.2180490941 1.6495519265958047 7.066903352737427
943511.4977906421 1.8210558107983907 7.083589792251587
1668895.301646091 3.2211069963570407 7.110419273376465
1486178.0085799024 2.8684473954399485 7.102444648742676
1324346.09231551 2.556098312067884 7.059496164321899
1066238.3663476035 2.0579288935854922 7.020082473754883
1170449.0394870937 2.2590641763162913 7.169837951660156
1387506.7563468963 2.678003656642459 7.004092216491699
1773523.2015395835 3.4230475614893527 7.14899754524231
1315274.3105491847 2.538589017333749 7.03256893157959
1477562.9400860816 2.8518195953783327 7.029449701309204
1296509.781679213 2.5023719130212183 6.988772869110107
1717778.2642051056 3.315455187370698 7.091512680053711
569244.422435753 1.0986891687791824 7.154959678649902
