1277005.1150540411 0.5855076084540441 32.891693115234375
169844.7318289876 0.07787391105124948 30.87478756904602
1223744.4678222537 0.561087569867058 30.90117359161377
1218633.9094183147 0.5587443757845281 31.23030996322632
1213561.6453067958 0.5564187396579594 31.14155912399292
2245218.815194696 1.029434168621194 30.994703769683838
1040842.497969687 0.4772269073783426 31.28600573539734
2032426.8796539605 0.9318689390007231 31.02295422554016
1315572.984755993 0.603190999762466 30.956406354904175
1159344.4753603637 0.5315601348346431 31.259790420532227
1504916.7340072393 0.6900052219554037 31.7335307598114
1301736.945324272 0.5968471674139166 31.097519874572754
1574104.4474276304 0.7217278299086716 31.24557137489319
1293713.9483587444 0.5931686185102804 31.32998514175415
2230158.5376960933 1.0225290223873136 31.519529581069946
1024947.91395998 0.4699392311104981 31.248457193374634
1934355.4728636742 0.8869031403750269 31.365510940551758
545925.4973367155 0.25030716680111187 30.920119047164917
964398.4170136452 0.4421772505732129 31.423532009124756
991768.1899849772 0.45472630783810614 31.473451375961304
1208377.6304694116 0.5540418657567937 31.1528058052063
1910516.43059206 0.8759729252460945 31.25899052619934
1381878.0174266696 0.6335918968691564 32.003456830978394
1159560.192068696 0.5316590410743365 31.835301399230957
1877575.5005781054 0.8608694891475582 31.058632373809814
1053081.4695551097 0.48283848316487715 31.463852167129517
1007013.4127520919 0.4617162515881315 31.596733808517456
426918.9270195961 0.19574258318646762 31.083168268203735
1189255.8838607967 0.545274533508637 31.596901416778564
1169925.6670645475 0.5364116175548578 31.460588216781616
