1251161.7368020117 1.1872671078771266 15.74647569656372
1613841.010227427 1.5314249888137537 14.914343118667603
1117513.9799106568 1.060444506824571 14.791590452194214
1182049.0709948093 1.1216839043335705 14.892555236816406
1308259.416054964 1.2414489090936673 14.654917478561401
1382691.6332539618 1.3120800038972966 14.850629091262817
1457724.4907579273 1.3832810653621315 14.754423141479492
854574.7570506334 0.8109331275280671 14.584764003753662
1194326.3393411338 1.1333341941829305 14.65527081489563
1083617.0046740025 1.0282785904835938 14.916100025177002
1016338.3771855235 0.9644357641481612 14.981590032577515
1102893.4293061495 1.0465706020197827 14.89859652519226
485829.2134821266 0.46101877019311366 14.952013969421387
971844.7779413462 0.9222143747467384 14.66895866394043
954320.1582958847 0.905584706598242 14.679612159729004
1345686.0124723315 1.2769641950707704 14.606877088546753
1001568.0305223912 0.9504197131059492 14.790334939956665
990880.290828988 0.9402777774774154 14.855221033096313
680950.1117626876 0.6461751874442331 14.534147024154663
1055903.8765647411 1.001980723075491 14.65956974029541
947036.5697403997 0.8986730780974049 14.771502017974854
1186061.2706603855 1.1254912080202624 14.900632619857788
2231226.223205313 2.1172814250343186 14.595836162567139
995459.0302785635 0.944622688757963 14.707855224609375
1129364.7163541466 1.0716900470050428 14.631591558456421
1306348.0192982852 1.23963512400693 14.806270599365234
1143051.4454878718 1.0846778189588353 14.861737489700317
1239192.1900576204 1.1759088248288156 14.814721584320068
1355759.7630600482 1.2865234969371497 14.785909652709961
1412651.647842005 1.3405100132443064 14.611148834228516
1119746.4550923258 1.0625629734259572 15.900431156158447
941472.5101513714 0.8933931652436066 14.887574911117554
1209423.8341055214 1.1476606864483672 14.8106689453125
1430702.7154144794 1.357639244550281 14.709474086761475
1326058.178139791 1.2583387197094067 14.692538261413574
1146577.128841132 1.088023451865429 14.670230388641357
1192074.7632976025 1.131197602167096 14.598491907119751
1059109.84868142 1.0050229718359374 14.794952154159546
1473683.9196714908 1.398425474316012 14.881360054016113
1119035.647638619 1.0618884656584986 15.038161516189575
1576765.5674985647 1.496242923724014 14.757601737976074
1080218.810037136 1.0250539356689186 15.07743525505066
1179188.672525823 1.1189695813825427 14.640897035598755
1067363.161958456 1.0128548029226814 14.763941764831543
1383173.7540861517 1.3125375036667064 14.803916931152344
1141838.4633569717 1.0835267816915504 14.573030948638916
769420.0794222057 0.7301271494867876 14.976386785507202
1284810.3687092215 1.2191973633456223 14.619093179702759
1196482.4973982275 1.1353802410410407 14.656315326690674
1066776.2001624703 1.0122978162330662 14.687235116958618
1486888.723217219 1.4109559317738103 14.589508533477783
1113594.940130502 1.0567256055118335 14.71985125541687
1257025.1259156466 1.1928310640232735 14.67662525177002
697971.8304127455 0.6623276368664859 15.062491416931152
163610.01063346863 0.15525473520397695 15.033746004104614
1488489.3229859918 1.412474791728077 14.66050386428833
694386.9878050238 0.6589258658644864 14.683582305908203
533460.3673251122 0.5062174847993939 14.847188711166382
1106169.651102066 1.0496795129319276 14.860111474990845
1250693.6455911994 1.1868229212610106 14.728883028030396
