1595652.7752567604 6.204471322718719 3.373440980911255
1169642.1267189495 4.547988851712248 3.3507180213928223
1122180.7806377895 4.363442084856406 3.337336301803589
1179585.0553291626 4.586650530733224 3.3140809535980225
1253934.8178135604 4.875749121816842 3.386260747909546
984926.9165221639 3.8297497446160933 3.364241123199463
5272.406737338752 0.020501011818353402 3.3353121280670166
974831.4291367605 3.790494862261426 3.351374387741089
1579703.637446843 6.142455344243829 3.364814281463623
1175510.155541554 4.570805856210535 3.3545141220092773
1038166.9919066615 4.036766287353184 3.3728561401367188
1185287.8123560473 4.6088248991060965 3.3351004123687744
879091.1734128632 3.4182223476643245 3.312124013900757
1178130.9696922377 4.580996523310697 3.3404667377471924
1255190.267028354 4.8806307594582545 3.3463733196258545
1188631.3686215505 4.621825847236477 3.3041818141937256
319266.40777805075 1.2414225087582655 3.4458882808685303
1021379.5056101494 3.971490508736196 3.3715603351593018
1245493.6545522436 4.8429268460702914 3.346092939376831
1608136.176769819 6.253011273200924 3.356701135635376
1073823.7515311688 4.175412580570536 3.3480563163757324
1336369.399685312 5.1962843956274565 3.3774445056915283
1003509.1647880822 3.9020042026443935 3.359302043914795
1139245.0009575635 4.429793904788883 3.3716981410980225
1239419.8142671846 4.819309572656056 3.38249135017395
1561728.9508908987 6.072563304446343 3.318213701248169
953985.2012729049 3.7094372380879337 3.302743673324585
1238898.7360416949 4.817283433287217 3.305035352706909
684969.5258198567 2.663407632153356 3.3382179737091064
1297983.1906848438 5.047025022520441 3.3335673809051514
