39738.5764962706 8.697948116056454 1.8335373401641846
41253.987126840744 9.02963999335499 1.7188265323638916
51931.58270046732 11.366743646586102 1.7337102890014648
45424.630641624215 9.942507139100847 1.8090059757232666
26329.16857596941 5.762907542351902 1.7445735931396484
49431.67640392424 10.819566138494558 1.709028720855713
40835.373267554096 8.93801412373988 1.7373981475830078
27168.00845349132 5.946512149654569 1.7232322692871094
48101.955598647415 10.528517902928694 1.7493000030517578
34094.33680104313 7.4625414067023295 1.7220203876495361
39673.880888211716 8.683787592659604 1.711404800415039
50130.34503195464 10.972490173845825 1.725907802581787
29442.948207650974 6.444449159318011 1.7455503940582275
49856.41163269081 10.912531848607996 1.7493462562561035
54581.797005841974 11.946820452476285 1.7456879615783691
46203.02464201016 10.112881400741598 1.7117502689361572
50218.04933277896 10.991686821672316 1.7361488342285156
38986.27932206931 8.533285907039662 1.7514007091522217
21353.96253784484 4.673938389409057 1.7393651008605957
34171.12219956028 7.479348133849075 1.713496446609497
40070.63816190924 8.770629510150357 1.7191722393035889
44462.464501924405 9.731908977314134 1.7687046527862549
12165.739954002202 2.6628275153056107 1.7475101947784424
50002.031204281084 10.94440494498057 1.742297649383545
41261.456380676944 9.031274857712525 1.7561421394348145
28166.267785765056 6.165010360814724 1.74825119972229
47009.229789490346 10.289342944207766 1.7448081970214844
41485.47113061062 9.080307028563873 1.7311732769012451
26024.80596965173 5.696288896400473 1.7296326160430908
26755.370629466895 5.856194309899446 1.7545545101165771
