45700.2582785096 2.4980763433239206 7.630141973495483
22603.568539844826 1.235560628563009 7.557502031326294
45762.92132594623 2.5015016429239365 7.277190923690796
41662.18072201754 2.2773461681265594 7.442949295043945
43575.29180421424 2.3819210155477997 7.362433195114136
42966.134451127844 2.3486231386773193 7.35100531578064
46336.71344956895 2.532866378791996 7.36078405380249
10989556.73475933 600.713272459292 7.292572736740112
41041.99219476292 2.243445303083435 7.480717658996582
17988.714118679054 0.9833025650058682 7.359685897827148
28834.14982086327 1.5761378657509257 7.3113932609558105
47027.25092816516 2.5706126717986355 7.343127965927124
46797.5075186973 2.558054393183914 7.410076856613159
32639.838379142806 1.7841651486507077 7.43194317817688
25775.849907248048 1.408964485276085 7.408380031585693
44117.33447373682 2.4115502566246105 7.296650648117065
41286.79040191625 2.2568265099565137 7.286946773529053
450020.625859648 24.599114355475237 7.31892991065979
41240.90230712807 2.254318166057624 7.415798902511597
24347.343496740796 1.33087919200209 7.3427345752716064
75271.24197412794 4.114491164628747 7.411523103713989
44816.241085314425 2.449754024794466 7.310819387435913
10930.799372629495 0.5975014661837532 7.419581890106201
46051.463486338966 2.517273990216504 7.344972372055054
34949.34155781916 1.9104076573980995 7.476010084152222
32927.99283124413 1.7999163029577787 7.449244022369385
33239.33931309171 1.816935184473516 7.346131324768066
38872.39581365674 2.1248504067226155 7.397515773773193
65625.51994519099 3.587234844370777 7.358177423477173
34814.52317091846 1.9030381886981793 7.377439737319946
