26376.94485049561 11.562952555057782 0.8225131034851074
19236.280087410356 8.432674642467147 0.7990193367004395
26543.271637275553 11.63586580392237 0.8358743190765381
27537.255667428864 12.071602021528022 0.8111426830291748
27739.297969646228 12.160172004439069 0.8330140113830566
22177.91358508941 9.72220869430001 0.8431234359741211
28630.29920044975 12.550763296064174 0.8034212589263916
26701.692592417472 11.705313346024598 0.8148519992828369
27278.85044156827 11.958324028813529 0.820298433303833
26314.478856825648 11.535569121335481 0.8271915912628174
27209.438154851843 11.927895524580407 0.8206958770751953
27757.80115342085 12.168283309115033 0.819312572479248
27788.074151485285 12.18155418799439 0.8087644577026367
29789.136350634624 13.05876674614434 0.8316419124603271
6225.1885089915595 2.7289574203438423 0.8425083160400391
30529.954185924114 13.383521623175978 0.8437433242797852
27540.484657606576 12.073017525121681 0.8080644607543945
27692.821826631873 12.139798096859437 0.8298232555389404
18234.548586764315 7.993542139422187 0.8160393238067627
28733.530719464674 12.596017254144678 0.8152072429656982
28227.603264109523 12.374232085478232 0.80220627784729
30914.841380615166 13.552245954082645 0.81117844581604
22066.909621751023 9.673547502915632 0.8079924583435059
28033.40926126184 12.28910258871006 0.8477151393890381
28835.265923963132 12.640615267654672 0.8034274578094482
28272.21229736664 12.393787501695034 0.8409826755523682
23570.29910037195 10.33259354905923 0.8017005920410156
30318.186562712333 13.290688317659583 0.8426268100738525
27358.63636090627 11.99330005826258 0.8302879333496094
21144.012076799 9.268973713724158 0.8317031860351562
