32122.104334929027 3.512942939734778 3.6901957988739014
44906.08650354773 4.911026933008863 3.627424955368042
27175.71332525974 2.971994899923746 3.595926523208618
43650.21261085523 4.773681842583575 3.5446183681488037
39136.21416751179 4.28002119083499 3.532602071762085
32355.13844604802 3.5384280551194096 3.540825843811035
32512.064071494504 3.5555897815812787 3.524597406387329
39415.62857574166 4.310578556019311 3.5172159671783447
44953.08470043633 4.916166757667254 3.589430093765259
58747.50366156944 6.424754308220802 3.547060966491699
14808.547492819955 1.6194948444290318 3.5132551193237305
18746.720647033886 2.0501819947258877 3.6143746376037598
46067.28344189667 5.038017946539034 3.588508367538452
31736.619828167022 3.4707855187175563 3.5258259773254395
45265.23680470348 4.950304388233887 3.5570461750030518
34034.92720118165 3.722133393538845 3.644681692123413
40577.420212100726 4.4376346070126 3.6321167945861816
33693.11221351731 3.6847517657634414 3.533153772354126
41521.39828228974 4.5408700944003 3.5446255207061768
40143.319856714224 4.390160451437644 3.5261480808258057
22414.956675988156 2.4513482360416314 3.510432481765747
63259.78673770244 6.918227363693996 3.502638339996338
42100.15492774837 4.604164175332529 3.645057201385498
25805.909104328835 2.822190141911501 3.5844991207122803
43173.70482157555 4.7215699181397435 3.536187171936035
57969.29667551187 6.339647905825162 3.5648086071014404
43022.837592565105 4.705070751040866 3.5855841636657715
31646.6195233271 3.4609428903466126 3.55373477935791
31475.47168039123 3.442225791360086 3.5442492961883545
42403.01647671359 4.6372857706384005 3.543320417404175
